92.000000	0.000000	峰会	6.214608
85.044944	0.000000	华尔街	6.214608
85.044944	0.000000	见闻	6.214608
82.000000	0.000000	中国	6.214608
68.104478	0.000000	美元	6.214608
66.007833	0.000000	【	6.214608
66.007833	0.000000	】	6.214608
65.190476	0.000000	刷新	6.214608
48.563218	0.000000	扩大	6.214608
47.032258	0.000000	公司	6.214608
41.126582	0.000000	收益率	6.214608
40.163636	0.000000	黄金	6.214608
40.090909	0.000000	日元	6.214608
39.360656	0.000000	欧洲央行	6.214608
39.200000	0.000000	英国	6.214608
38.754386	0.000000	欧元	6.214608
38.628571	0.000000	年期	6.214608
37.695652	0.000000	国债	6.214608
37.470588	0.000000	美国	6.214608
36.100000	0.000000	盎司	6.214608
35.438095	0.000000	以来	6.214608
34.129032	0.000000	兑	6.214608
33.047059	0.000000	涨幅	6.214608
31.250000	0.000000	跌幅	6.214608
31.148148	0.000000	点	6.214608
30.000000	0.000000	证券	6.214608
29.453333	0.000000	美联储	6.214608
29.121212	0.000000	道	6.214608
28.854545	0.000000	 	6.214608
28.488372	0.000000	新高	6.214608
28.446154	0.000000	创	6.214608
28.444444	0.000000	退欧	6.214608
28.125000	0.000000	美元兑	6.214608
26.470588	0.000000	首席	6.214608
26.272727	0.000000	报	6.214608
25.972973	0.000000	美债	6.214608
25.000000	0.000001	标普	6.214608
24.380952	0.000001	关口	6.214608
24.000000	0.000001	高位	6.214608
23.511111	0.000001	指数	6.214608
22.740157	0.000002	月	6.214608
21.000000	0.000005	股份	6.214608
20.166667	0.000007	集团	6.214608
19.592593	0.000010	脱欧	6.214608
19.173913	0.000012	QE	6.214608
19.000000	0.000013	现货	6.214608
19.000000	0.000013	决议	6.214608
18.843137	0.000014	称	6.214608
18.000000	0.000022	沪	6.214608
18.000000	0.000022	亿元	6.214608
17.307692	0.000032	月份	6.214608
17.285714	0.000032	触及	6.214608
17.190476	0.000034	最低	6.214608
17.000000	0.000037	初值	6.214608
17.000000	0.000037	总经理	6.214608
17.000000	0.000037	日高至	6.214608
16.666667	0.000045	COMEX	6.214608
16.200000	0.000057	修正	6.214608
16.133333	0.000059	明年	6.214608
16.095238	0.000060	基点	6.214608
16.000000	0.000063	董事	6.214608
15.867925	0.000068	前值	6.214608
15.384615	0.000088	德拉吉	6.214608
15.206897	0.000096	低点	6.214608
15.076923	0.000103	投资	6.214608
15.000000	0.000108	推进	6.214608
15.000000	0.000108	期金	6.214608
15.000000	0.000108	提醒	6.214608
14.285714	0.000157	日内	6.214608
14.000000	0.000183	上海	6.214608
13.761905	0.000208	表示	6.214608
13.500000	0.000239	行长	6.214608
13.235294	0.000275	中间价	6.214608
13.235294	0.000275	房地产	6.214608
13.000000	0.000311	PMI	6.214608
13.000000	0.000311	Markit	6.214608
13.000000	0.000311	德国	6.214608
12.600000	0.000386	盘中	6.214608
12.250000	0.000465	收盘报	6.214608
12.250000	0.000465	OPEC	6.214608
12.250000	0.000465	日低	6.214608
12.250000	0.000465	基准	6.214608
12.250000	0.000465	公告	6.214608
12.250000	0.000465	纳指	6.214608
12.250000	0.000465	今年	6.214608
12.000000	0.000532	订单	6.214608
12.000000	0.000532	退	6.214608
12.000000	0.000532	执委	6.214608
12.000000	0.000532	分析师	6.214608
11.842105	0.000579	就业	6.214608
11.842105	0.000579	两年	6.214608
11.636364	0.000647	英镑	6.214608
11.636364	0.000647	发展	6.214608
11.560000	0.000674	一个	6.214608
11.266667	0.000789	速评	6.214608
11.266667	0.000789	经济学家	6.214608
11.000000	0.000911	通	6.214608
11.000000	0.000911	股东	6.214608
11.000000	0.000911	欧后	6.214608
11.000000	0.000911	管委	6.214608
11.000000	0.000911	白银	6.214608
11.000000	0.000911	总	6.214608
10.888889	0.000967	改革	6.214608
10.888889	0.000967	进入	6.214608
10.888889	0.000967	联储	6.214608
10.800000	0.001015	欧盟	6.214608
10.714286	0.001063	北京	6.214608
10.703704	0.001069	指	6.214608
10.666667	0.001091	表明	6.214608
10.526316	0.001177	加息	6.214608
10.314286	0.001320	期货	6.214608
10.000000	0.001565	万	6.214608
10.000000	0.001565	深港	6.214608
10.000000	0.001565	日本央行	6.214608
10.000000	0.001565	两市	6.214608
10.000000	0.001565	FOMC	6.214608
10.000000	0.001565	期美债	6.214608
10.000000	0.001565	异动	6.214608
10.000000	0.001565	香港	6.214608
10.000000	0.001565	兴业银行	6.214608
9.941176	0.001616	总统	6.214608
9.307692	0.002282	短线	6.214608
9.307692	0.002282	英国首相	6.214608
9.000000	0.002700	下调	6.214608
9.000000	0.002700	失业	6.214608
9.000000	0.002700	人数	6.214608
9.000000	0.002700	耶伦	6.214608
9.000000	0.002700	调控	6.214608
9.000000	0.002700	汇率	6.214608
9.000000	0.002700	研究	6.214608
9.000000	0.002700	会议纪要	6.214608
9.000000	0.002700	创业板	6.214608
9.000000	0.002700	黑	6.214608
9.000000	0.002700	田东	6.214608
9.000000	0.002700	彦	6.214608
9.000000	0.002700	大臣	6.214608
9.000000	0.002700	Coeure	6.214608
9.000000	0.002700	比较	6.214608
9.000000	0.002700	投票权	6.214608
8.804878	0.003004	通胀	6.214608
8.333333	0.003892	合作	6.214608
8.333333	0.003892	股票	6.214608
8.333333	0.003892	股权	6.214608
8.298851	0.003967	NUMBER	6.214608
8.000000	0.004678	互联网	6.214608
8.000000	0.004678	方面	6.214608
8.000000	0.004678	终值	6.214608
8.000000	0.004678	石油	6.214608
8.000000	0.004678	耐用品	6.214608
8.000000	0.004678	加拿大	6.214608
8.000000	0.004678	全国	6.214608
8.000000	0.004678	制度	6.214608
8.000000	0.004678	转让	6.214608
8.000000	0.004678	脱离	6.214608
8.000000	0.004678	收购	6.214608
8.000000	0.004678	苹果	6.214608
8.000000	0.004678	部门	6.214608
8.000000	0.004678	强劲	6.214608
8.000000	0.004678	收复	6.214608
8.000000	0.004678	WTI	6.214608
8.000000	0.004678	董事长	6.214608
8.000000	0.004678	持仓	6.214608
8.000000	0.004678	Hammond	6.214608
8.000000	0.004678	下方	6.214608
8.000000	0.004678	焦煤	6.214608
8.000000	0.004678	焦炭	6.214608
8.000000	0.004678	送转	6.214608
8.000000	0.004678	次新股	6.214608
8.000000	0.004678	总监	6.214608
7.758621	0.005346	纪录	6.214608
7.363636	0.006656	元	6.214608
7.363636	0.006656	英国政府	6.214608
7.363636	0.006656	管理	6.214608
7.363636	0.006656	减少	6.214608
7.363636	0.006656	下滑	6.214608
7.347826	0.006714	欧元区	6.214608
7.217822	0.007218	预期	6.214608
7.200000	0.007290	首次	6.214608
7.200000	0.007290	资本	6.214608
7.142857	0.007526	一度	6.214608
7.142857	0.007526	声明	6.214608
7.000000	0.008151	认为	6.214608
7.000000	0.008151	有限公司	6.214608
7.000000	0.008151	万科	6.214608
7.000000	0.008151	城市	6.214608
7.000000	0.008151	季度	6.214608
7.000000	0.008151	房价	6.214608
7.000000	0.008151	南	6.214608
7.000000	0.008151	玻	6.214608
7.000000	0.008151	煤炭	6.214608
7.000000	0.008151	原油期货	6.214608
7.000000	0.008151	意大利	6.214608
7.000000	0.008151	A股	6.214608
7.000000	0.008151	证监会	6.214608
7.000000	0.008151	形成	6.214608
7.000000	0.008151	郭磊	6.214608
7.000000	0.008151	至少	6.214608
7.000000	0.008151	重点	6.214608
7.000000	0.008151	法国	6.214608
7.000000	0.008151	阶段	6.214608
7.000000	0.008151	一年	6.214608
7.000000	0.008151	SPDR	6.214608
7.000000	0.008151	持仓量	6.214608
7.000000	0.008151	指涨	6.214608
7.000000	0.008151	平台	6.214608
7.000000	0.008151	深	6.214608
7.000000	0.008151	产品	6.214608
7.000000	0.008151	举行	6.214608
7.000000	0.008151	摩根	6.214608
7.000000	0.008151	发表	6.214608
7.000000	0.008151	石油部长	6.214608
7.000000	0.008151	复星	6.214608
6.563636	0.010408	跌	6.214608
6.545455	0.010515	日当周	6.214608
6.533333	0.010587	环比	6.214608
6.400000	0.011412	救济	6.214608
6.400000	0.011412	亿美元	6.214608
6.400000	0.011412	债务	6.214608
6.400000	0.011412	稍早	6.214608
6.400000	0.011412	业务	6.214608
6.400000	0.011412	行业	6.214608
6.400000	0.011412	附近	6.214608
6.400000	0.011412	快速	6.214608
6.368421	0.011617	谈判	6.214608
6.368421	0.011617	板块	6.214608
6.368421	0.011617	夜盘	6.214608
6.250000	0.012419	科技	6.214608
6.250000	0.012419	基金	6.214608
6.250000	0.012419	工业	6.214608
6.250000	0.012419	约	6.214608
6.000000	0.014306	跌破	6.214608
6.000000	0.014306	回购	6.214608
6.000000	0.014306	万股	6.214608
6.000000	0.014306	开通	6.214608
6.000000	0.014306	发行	6.214608
6.000000	0.014306	阿里巴巴	6.214608
6.000000	0.014306	服务业	6.214608
6.000000	0.014306	能源	6.214608
6.000000	0.014306	俄罗斯	6.214608
6.000000	0.014306	APEC	6.214608
6.000000	0.014306	单一	6.214608
6.000000	0.014306	扣除	6.214608
6.000000	0.014306	离岸	6.214608
6.000000	0.014306	鲁	6.214608
6.000000	0.014306	政委	6.214608
6.000000	0.014306	广发	6.214608
6.000000	0.014306	商业	6.214608
6.000000	0.014306	召开	6.214608
6.000000	0.014306	墨西哥	6.214608
6.000000	0.014306	桶	6.214608
6.000000	0.014306	转	6.214608
6.000000	0.014306	拐点	6.214608
6.000000	0.014306	GOLD	6.214608
6.000000	0.014306	TRUST	6.214608
6.000000	0.014306	五年期	6.214608
6.000000	0.014306	发言人	6.214608
6.000000	0.014306	Villeroy	6.214608
6.000000	0.014306	Davis	6.214608
6.000000	0.014306	追随	6.214608
6.000000	0.014306	跌至	6.214608
6.000000	0.014306	收窄	6.214608
6.000000	0.014306	依然	6.214608
6.000000	0.014306	铁矿石	6.214608
6.000000	0.014306	回顾	6.214608
6.000000	0.014306	互动	6.214608
6.000000	0.014306	高送	6.214608
6.000000	0.014306	涨停	6.214608
6.000000	0.014306	拉	6.214608
6.000000	0.014306	国改	6.214608
6.000000	0.014306	达拉斯	6.214608
6.000000	0.014306	杜	6.214608
6.000000	0.014306	德利	6.214608
6.000000	0.014306	颜色	6.214608
6.000000	0.014306	华鑫	6.214608
5.761905	0.016377	新闻	6.214608
5.451613	0.019550	主席	6.214608
5.444444	0.019631	讲话	6.214608
5.444444	0.019631	延长	6.214608
5.444444	0.019631	应该	6.214608
5.444444	0.019631	通胀率	6.214608
5.444444	0.019631	财政政策	6.214608
5.444444	0.019631	低于	6.214608
5.444444	0.019631	震荡	6.214608
5.444444	0.019631	概念	6.214608
5.444444	0.019631	上周	6.214608
5.400000	0.020137	前景	6.214608
5.400000	0.020137	不确定性	6.214608
5.333333	0.020921	回落	6.214608
5.333333	0.020921	股	6.214608
5.333333	0.020921	造成	6.214608
5.260870	0.021810	国家	6.214608
5.142857	0.023342	新低	6.214608
5.000000	0.025347	重要	6.214608
5.000000	0.025347	维持	6.214608
5.000000	0.025347	土地	6.214608
5.000000	0.025347	深圳	6.214608
5.000000	0.025347	邓海清	6.214608
5.000000	0.025347	屈庆	6.214608
5.000000	0.025347	新屋	6.214608
5.000000	0.025347	价格上涨	6.214608
5.000000	0.025347	ISM	6.214608
5.000000	0.025347	完善	6.214608
5.000000	0.025347	PCE	6.214608
5.000000	0.025347	单日	6.214608
5.000000	0.025347	规划	6.214608
5.000000	0.025347	杠杆	6.214608
5.000000	0.025347	打压	6.214608
5.000000	0.025347	九个	6.214608
5.000000	0.025347	失地	6.214608
5.000000	0.025347	非农	6.214608
5.000000	0.025347	韩国	6.214608
5.000000	0.025347	上交所	6.214608
5.000000	0.025347	拉升	6.214608
5.000000	0.025347	TPP	6.214608
5.000000	0.025347	鼓励	6.214608
5.000000	0.025347	杭州	6.214608
5.000000	0.025347	升级	6.214608
5.000000	0.025347	余斌	6.214608
5.000000	0.025347	中心	6.214608
5.000000	0.025347	夏斌	6.214608
5.000000	0.025347	韩同利	6.214608
5.000000	0.025347	章俊	6.214608
5.000000	0.025347	初期	6.214608
5.000000	0.025347	十四年	6.214608
5.000000	0.025347	有效	6.214608
5.000000	0.025347	最长	6.214608
5.000000	0.025347	Fischer	6.214608
5.000000	0.025347	高开高	6.214608
5.000000	0.025347	令	6.214608
5.000000	0.025347	直至	6.214608
5.000000	0.025347	日当	6.214608
5.000000	0.025347	升破	6.214608
5.000000	0.025347	Constancio	6.214608
5.000000	0.025347	现报	6.214608
5.000000	0.025347	个人消费	6.214608
5.000000	0.025347	日高	6.214608
5.000000	0.025347	前夕	6.214608
5.000000	0.025347	万点	6.214608
5.000000	0.025347	奥巴马	6.214608
5.000000	0.025347	获	6.214608
5.000000	0.025347	油市	6.214608
5.000000	0.025347	客户	6.214608
5.000000	0.025347	螺纹钢	6.214608
5.000000	0.025347	主任	6.214608
5.000000	0.025347	机会	6.214608
5.000000	0.025347	控股	6.214608
5.000000	0.025347	近日	6.214608
5.000000	0.025347	深成指	6.214608
5.000000	0.025347	居前	6.214608
5.000000	0.025347	升涨	6.214608
5.000000	0.025347	持	6.214608
5.000000	0.025347	供给	6.214608
5.000000	0.025347	加强	6.214608
5.000000	0.025347	一是	6.214608
5.000000	0.025347	大会	6.214608
5.000000	0.025347	地产	6.214608
5.000000	0.025347	保护主义	6.214608
5.000000	0.025347	国务院参事	6.214608
5.000000	0.025347	配置	6.214608
5.000000	0.025347	渣打银行	6.214608
5.000000	0.025347	官	6.214608
5.000000	0.025347	华创	6.214608
4.840000	0.027807	已	6.214608
4.666667	0.030754	利率	6.214608
4.591837	0.032125	涨	6.214608
4.571429	0.032509	资金	6.214608
4.571429	0.032509	工作	6.214608
4.567568	0.032583	未来	6.214608
4.500000	0.033895	楼市	6.214608
4.500000	0.033895	贬值	6.214608
4.500000	0.033895	购债	6.214608
4.500000	0.033895	失业率	6.214608
4.500000	0.033895	信息	6.214608
4.500000	0.033895	宣布	6.214608
4.500000	0.033895	支出	6.214608
4.500000	0.033895	May	6.214608
4.500000	0.033895	信心	6.214608
4.500000	0.033895	CEO	6.214608
4.500000	0.033895	策略	6.214608
4.500000	0.033895	领域	6.214608
4.500000	0.033895	服务	6.214608
4.454545	0.034808	开盘	6.214608
4.454545	0.034808	要求	6.214608
4.454545	0.034808	大幅	6.214608
4.263158	0.038947	保持	6.214608
4.000000	0.045500	需要	6.214608
4.000000	0.045500	交易	6.214608
4.000000	0.045500	正在	6.214608
4.000000	0.045500	宽松	6.214608
4.000000	0.045500	当前	6.214608
4.000000	0.045500	天期	6.214608
4.000000	0.045500	大宗	6.214608
4.000000	0.045500	操纵	6.214608
4.000000	0.045500	购物	6.214608
4.000000	0.045500	管清友	6.214608
4.000000	0.045500	钻井	6.214608
4.000000	0.045500	创下	6.214608
4.000000	0.045500	特斯拉	6.214608
4.000000	0.045500	恒大	6.214608
4.000000	0.045500	新建	6.214608
4.000000	0.045500	在岸	6.214608
4.000000	0.045500	成交额	6.214608
4.000000	0.045500	发改委	6.214608
4.000000	0.045500	谈判代表	6.214608
4.000000	0.045500	升幅	6.214608
4.000000	0.045500	值	6.214608
4.000000	0.045500	上扬	6.214608
4.000000	0.045500	所创	6.214608
4.000000	0.045500	厄瓜多尔	6.214608
4.000000	0.045500	油价	6.214608
4.000000	0.045500	瑞士	6.214608
4.000000	0.045500	iPhone	6.214608
4.000000	0.045500	铜	6.214608
4.000000	0.045500	高管	6.214608
4.000000	0.045500	侧	6.214608
4.000000	0.045500	确认	6.214608
4.000000	0.045500	首发	6.214608
4.000000	0.045500	真正	6.214608
4.000000	0.045500	我国	6.214608
4.000000	0.045500	过程	6.214608
4.000000	0.045500	迹象	6.214608
4.000000	0.045500	大量	6.214608
4.000000	0.045500	海外	6.214608
4.000000	0.045500	选项	6.214608
4.000000	0.045500	六周	6.214608
4.000000	0.045500	之内	6.214608
4.000000	0.045500	生产力	6.214608
4.000000	0.045500	运输	6.214608
4.000000	0.045500	飞机	6.214608
4.000000	0.045500	周续	6.214608
4.000000	0.045500	首申	6.214608
4.000000	0.045500	点至	6.214608
4.000000	0.045500	参数	6.214608
4.000000	0.045500	券商	6.214608
4.000000	0.045500	航运	6.214608
4.000000	0.045500	沙特	6.214608
4.000000	0.045500	供应商	6.214608
4.000000	0.045500	顺利	6.214608
4.000000	0.045500	方案	6.214608
4.000000	0.045500	增发	6.214608
4.000000	0.045500	营收	6.214608
4.000000	0.045500	Maechler	6.214608
4.000000	0.045500	总价	6.214608
4.000000	0.045500	判断	6.214608
4.000000	0.045500	批准	6.214608
4.000000	0.045500	菜粕	6.214608
4.000000	0.045500	橡胶	6.214608
4.000000	0.045500	热点	6.214608
4.000000	0.045500	持股	6.214608
4.000000	0.045500	延期	6.214608
4.000000	0.045500	大增	6.214608
4.000000	0.045500	实体	6.214608
4.000000	0.045500	拟以	6.214608
4.000000	0.045500	拟	6.214608
4.000000	0.045500	利用	6.214608
4.000000	0.045500	二线	6.214608
4.000000	0.045500	全景网	6.214608
4.000000	0.045500	进口	6.214608
4.000000	0.045500	汇总	6.214608
4.000000	0.045500	降温	6.214608
4.000000	0.045500	内地	6.214608
4.000000	0.045500	仪式	6.214608
4.000000	0.045500	旗滨	6.214608
4.000000	0.045500	铁路	6.214608
4.000000	0.045500	个股	6.214608
4.000000	0.045500	一路	6.214608
4.000000	0.045500	加	6.214608
4.000000	0.045500	看法	6.214608
4.000000	0.045500	研究所	6.214608
4.000000	0.045500	获悉	6.214608
4.000000	0.045500	全部	6.214608
4.000000	0.045500	港股	6.214608
4.000000	0.045500	期间	6.214608
4.000000	0.045500	过度	6.214608
4.000000	0.045500	会谈	6.214608
4.000000	0.045500	深圳市	6.214608
4.000000	0.045500	成为	6.214608
4.000000	0.045500	秘鲁	6.214608
4.000000	0.045500	平衡	6.214608
4.000000	0.045500	国研	6.214608
4.000000	0.045500	数量	6.214608
4.000000	0.045500	转型	6.214608
4.000000	0.045500	谈	6.214608
4.000000	0.045500	不断	6.214608
4.000000	0.045500	麦格理	6.214608
4.000000	0.045500	典型	6.214608
4.000000	0.045500	商业银行	6.214608
4.000000	0.045500	史丹利	6.214608
3.769231	0.052204	尾盘	6.214608
3.769231	0.052204	非	6.214608
3.769231	0.052204	包括	6.214608
3.666667	0.055511	逾	6.214608
3.600000	0.057780	伊朗	6.214608
3.600000	0.057780	占	6.214608
3.600000	0.057780	涨破	6.214608
3.600000	0.057780	体系	6.214608
3.600000	0.057780	ETF	6.214608
3.600000	0.057780	相关	6.214608
3.600000	0.057780	申请	6.214608
3.600000	0.057780	过去	6.214608
3.571429	0.058782	操作	6.214608
3.571429	0.058782	暂报	6.214608
3.571429	0.058782	新兴	6.214608
3.571429	0.058782	针对	6.214608
3.571429	0.058782	整个	6.214608
3.571429	0.058782	动力	6.214608
3.571429	0.058782	说	6.214608
3.571429	0.058782	之前	6.214608
3.571429	0.058782	空间	6.214608
3.571429	0.058782	反弹	6.214608
3.571429	0.058782	两个	6.214608
3.571429	0.058782	提出	6.214608
3.571429	0.058782	明显	6.214608
3.571429	0.058782	日前	6.214608
3.571429	0.058782	倾向	6.214608
3.571429	0.058782	股价	6.214608
3.521739	0.060569	债券	6.214608
3.521739	0.060569	计划	6.214608
3.333333	0.067889	目标	6.214608
3.321839	0.068365	市场	6.214608
3.272727	0.070440	最大	6.214608
3.266667	0.070701	制造业	6.214608
3.266667	0.070701	累计	6.214608
3.266667	0.070701	人	6.214608
3.200000	0.073638	金融	6.214608
3.200000	0.073638	最高	6.214608
3.000000	0.083265	价格	6.214608
3.000000	0.083265	累跌	6.214608
3.000000	0.083265	讨论	6.214608
3.000000	0.083265	位	6.214608
3.000000	0.083265	政治	6.214608
3.000000	0.083265	中粮	6.214608
3.000000	0.083265	均衡	6.214608
3.000000	0.083265	逆	6.214608
3.000000	0.083265	申购	6.214608
3.000000	0.083265	三江	6.214608
3.000000	0.083265	产业	6.214608
3.000000	0.083265	商品房	6.214608
3.000000	0.083265	深交所	6.214608
3.000000	0.083265	换汇	6.214608
3.000000	0.083265	荒	6.214608
3.000000	0.083265	李	6.214608
3.000000	0.083265	山泉	6.214608
3.000000	0.083265	物价指数	6.214608
3.000000	0.083265	存储	6.214608
3.000000	0.083265	试点	6.214608
3.000000	0.083265	拍卖	6.214608
3.000000	0.083265	跌超	6.214608
3.000000	0.083265	专项	6.214608
3.000000	0.083265	食品	6.214608
3.000000	0.083265	商品住宅	6.214608
3.000000	0.083265	重大	6.214608
3.000000	0.083265	达	6.214608
3.000000	0.083265	希腊	6.214608
3.000000	0.083265	泽泰	6.214608
3.000000	0.083265	住	6.214608
3.000000	0.083265	面积	6.214608
3.000000	0.083265	孙彬	6.214608
3.000000	0.083265	失望	6.214608
3.000000	0.083265	涨至	6.214608
3.000000	0.083265	令人	6.214608
3.000000	0.083265	工资	6.214608
3.000000	0.083265	周三	6.214608
3.000000	0.083265	交投	6.214608
3.000000	0.083265	走软	6.214608
3.000000	0.083265	年化季	6.214608
3.000000	0.083265	清算	6.214608
3.000000	0.083265	每月	6.214608
3.000000	0.083265	电池	6.214608
3.000000	0.083265	评级	6.214608
3.000000	0.083265	盘后	6.214608
3.000000	0.083265	总额	6.214608
3.000000	0.083265	SolarCity	6.214608
3.000000	0.083265	上证	6.214608
3.000000	0.083265	牛市	6.214608
3.000000	0.083265	国资委	6.214608
3.000000	0.083265	宝马	6.214608
3.000000	0.083265	战略	6.214608
3.000000	0.083265	华为	6.214608
3.000000	0.083265	出台	6.214608
3.000000	0.083265	局	6.214608
3.000000	0.083265	财经	6.214608
3.000000	0.083265	干预	6.214608
3.000000	0.083265	下周	6.214608
3.000000	0.083265	意见	6.214608
3.000000	0.083265	到位	6.214608
3.000000	0.083265	危机	6.214608
3.000000	0.083265	中介机构	6.214608
3.000000	0.083265	现场	6.214608
3.000000	0.083265	亿股	6.214608
3.000000	0.083265	全	6.214608
3.000000	0.083265	人口	6.214608
3.000000	0.083265	PPI	6.214608
3.000000	0.083265	胡伟俊	6.214608
3.000000	0.083265	时代	6.214608
3.000000	0.083265	向上	6.214608
3.000000	0.083265	徐小庆	6.214608
3.000000	0.083265	周浩	6.214608
3.000000	0.083265	职位	6.214608
3.000000	0.083265	一周	6.214608
3.000000	0.083265	中旬	6.214608
3.000000	0.083265	有利	6.214608
3.000000	0.083265	新一届	6.214608
3.000000	0.083265	状况	6.214608
3.000000	0.083265	增长势头	6.214608
3.000000	0.083265	细节	6.214608
3.000000	0.083265	敲定	6.214608
3.000000	0.083265	利率政策	6.214608
3.000000	0.083265	足够	6.214608
3.000000	0.083265	保护	6.214608
3.000000	0.083265	取决于	6.214608
3.000000	0.083265	事务部长	6.214608
3.000000	0.083265	整数	6.214608
3.000000	0.083265	心理	6.214608
3.000000	0.083265	幅度	6.214608
3.000000	0.083265	重返	6.214608
3.000000	0.083265	情绪	6.214608
3.000000	0.083265	显然	6.214608
3.000000	0.083265	形势	6.214608
3.000000	0.083265	暗示	6.214608
3.000000	0.083265	上周五	6.214608
3.000000	0.083265	落得	6.214608
3.000000	0.083265	降幅	6.214608
3.000000	0.083265	个大点	6.214608
3.000000	0.083265	稍后	6.214608
3.000000	0.083265	通缩	6.214608
3.000000	0.083265	安排	6.214608
3.000000	0.083265	三次	6.214608
3.000000	0.083265	秘书长	6.214608
3.000000	0.083265	STOXX	6.214608
3.000000	0.083265	央企	6.214608
3.000000	0.083265	同业	6.214608
3.000000	0.083265	价值	6.214608
3.000000	0.083265	铅	6.214608
3.000000	0.083265	石家庄	6.214608
3.000000	0.083265	石家庄市	6.214608
3.000000	0.083265	违法	6.214608
3.000000	0.083265	行为	6.214608
3.000000	0.083265	金融时报	6.214608
3.000000	0.083265	迁移	6.214608
3.000000	0.083265	失守	6.214608
3.000000	0.083265	赞成票	6.214608
3.000000	0.083265	马来西亚	6.214608
3.000000	0.083265	名单	6.214608
3.000000	0.083265	以后	6.214608
3.000000	0.083265	医药	6.214608
3.000000	0.083265	GPS	6.214608
3.000000	0.083265	GAP	6.214608
3.000000	0.083265	受困	6.214608
3.000000	0.083265	郑醇	6.214608
3.000000	0.083265	铝	6.214608
3.000000	0.083265	锡	6.214608
3.000000	0.083265	热卷	6.214608
3.000000	0.083265	PVC	6.214608
3.000000	0.083265	郑煤	6.214608
3.000000	0.083265	今年以来	6.214608
3.000000	0.083265	根本	6.214608
3.000000	0.083265	能否	6.214608
3.000000	0.083265	下发	6.214608
3.000000	0.083265	参与	6.214608
3.000000	0.083265	深入	6.214608
3.000000	0.083265	潘功胜	6.214608
3.000000	0.083265	年报	6.214608
3.000000	0.083265	重组	6.214608
3.000000	0.083265	陕西	6.214608
3.000000	0.083265	此次	6.214608
3.000000	0.083265	地块	6.214608
3.000000	0.083265	上述	6.214608
3.000000	0.083265	乌镇	6.214608
3.000000	0.083265	满足	6.214608
3.000000	0.083265	终止	6.214608
3.000000	0.083265	云	6.214608
3.000000	0.083265	合计	6.214608
3.000000	0.083265	伙伴关系	6.214608
3.000000	0.083265	帮助	6.214608
3.000000	0.083265	厂商	6.214608
3.000000	0.083265	事项	6.214608
3.000000	0.083265	全天	6.214608
3.000000	0.083265	停牌	6.214608
3.000000	0.083265	净	6.214608
3.000000	0.083265	齐翔	6.214608
3.000000	0.083265	腾达	6.214608
3.000000	0.083265	永和	6.214608
3.000000	0.083265	智控	6.214608
3.000000	0.083265	天龙	6.214608
3.000000	0.083265	川金诺	6.214608
3.000000	0.083265	昊志	6.214608
3.000000	0.083265	机电	6.214608
3.000000	0.083265	城	6.214608
3.000000	0.083265	广州	6.214608
3.000000	0.083265	玻璃	6.214608
3.000000	0.083265	申达	6.214608
3.000000	0.083265	中车	6.214608
3.000000	0.083265	翻红	6.214608
3.000000	0.083265	整点	6.214608
3.000000	0.083265	参半	6.214608
3.000000	0.083265	东音	6.214608
3.000000	0.083265	世嘉	6.214608
3.000000	0.083265	叠加	6.214608
3.000000	0.083265	还要	6.214608
3.000000	0.083265	行政	6.214608
3.000000	0.083265	总裁	6.214608
3.000000	0.083265	管制	6.214608
3.000000	0.083265	包装	6.214608
3.000000	0.083265	透露	6.214608
3.000000	0.083265	中央	6.214608
3.000000	0.083265	原	6.214608
3.000000	0.083265	横盘	6.214608
3.000000	0.083265	新华网	6.214608
3.000000	0.083265	采用	6.214608
3.000000	0.083265	二是	6.214608
3.000000	0.083265	软件	6.214608
3.000000	0.083265	万亿	6.214608
3.000000	0.083265	煤	6.214608
3.000000	0.083265	剩余	6.214608
3.000000	0.083265	裁员	6.214608
3.000000	0.083265	限产	6.214608
3.000000	0.083265	化工	6.214608
3.000000	0.083265	大通	6.214608
3.000000	0.083265	具备	6.214608
3.000000	0.083265	全文	6.214608
3.000000	0.083265	多哈	6.214608
3.000000	0.083265	美元汇率	6.214608
3.000000	0.083265	员工	6.214608
3.000000	0.083265	固定资产	6.214608
3.000000	0.083265	出炉	6.214608
3.000000	0.083265	量	6.214608
3.000000	0.083265	晚间	6.214608
3.000000	0.083265	浙江	6.214608
3.000000	0.083265	NYMEX	6.214608
3.000000	0.083265	天然气	6.214608
3.000000	0.083265	堪萨斯	6.214608
3.000000	0.083265	美国纽约	6.214608
3.000000	0.083265	指标	6.214608
3.000000	0.083265	宪法	6.214608
3.000000	0.083265	贝克	6.214608
3.000000	0.083265	休斯	6.214608
3.000000	0.083265	钻井机	6.214608
3.000000	0.083265	数	6.214608
3.000000	0.083265	原油	6.214608
3.000000	0.083265	转向	6.214608
3.000000	0.083265	力度	6.214608
3.000000	0.083265	消除	6.214608
3.000000	0.083265	逻辑	6.214608
3.000000	0.083265	等待	6.214608
3.000000	0.083265	库存	6.214608
3.000000	0.083265	觉得	6.214608
3.000000	0.083265	商品价格	6.214608
3.000000	0.083265	成	6.214608
3.000000	0.083265	背后	6.214608
3.000000	0.083265	亚太经合组织	6.214608
3.000000	0.083265	收益	6.214608
3.000000	0.083265	黑天鹅	6.214608
3.000000	0.083265	基本面	6.214608
3.000000	0.083265	防	6.214608
3.000000	0.083265	研究院	6.214608
3.000000	0.083265	力量	6.214608
3.000000	0.083265	王	6.214608
3.000000	0.083265	传统	6.214608
3.000000	0.083265	九州	6.214608
3.000000	0.083265	或会	6.214608
3.000000	0.083265	值得	6.214608
3.000000	0.083265	敦和资管	6.214608
3.000000	0.083265	习近平	6.214608
3.000000	0.083265	华夏	6.214608
3.000000	0.083265	股票投资	6.214608
3.000000	0.083265	奥本海默	6.214608
2.882353	0.089555	希望	6.214608
2.882353	0.089555	需求	6.214608
2.882353	0.089555	上调	6.214608
2.777778	0.095581	两周	6.214608
2.777778	0.095581	吨	6.214608
2.777778	0.095581	基建	6.214608
2.777778	0.095581	媒体	6.214608
2.777778	0.095581	导致	6.214608
2.777778	0.095581	趋势	6.214608
2.777778	0.095581	国际	6.214608
2.777778	0.095581	报告	6.214608
2.777778	0.095581	援引	6.214608
2.777778	0.095581	Kaplan	6.214608
2.666667	0.102470	商品	6.214608
2.666667	0.102470	地方	6.214608
2.666667	0.102470	健康	6.214608
2.666667	0.102470	事件	6.214608
2.666667	0.102470	担忧	6.214608
2.666667	0.102470	薪资	6.214608
2.666667	0.102470	促进	6.214608
2.666667	0.102470	上方	6.214608
2.666667	0.102470	迅速	6.214608
2.666667	0.102470	现	6.214608
2.666667	0.102470	产量	6.214608
2.666667	0.102470	制定	6.214608
2.666667	0.102470	降低	6.214608
2.666667	0.102470	突破	6.214608
2.666667	0.102470	录得	6.214608
2.666667	0.102470	加大	6.214608
2.666667	0.102470	意味着	6.214608
2.666667	0.102470	瑞郎	6.214608
2.666667	0.102470	基础设施	6.214608
2.666667	0.102470	立场	6.214608
2.666667	0.102470	受累	6.214608
2.666667	0.102470	跌势	6.214608
2.666667	0.102470	得到	6.214608
2.666667	0.102470	签署	6.214608
2.666667	0.102470	月底	6.214608
2.666667	0.102470	地区	6.214608
2.666667	0.102470	宏观	6.214608
2.666667	0.102470	日经	6.214608
2.578947	0.108294	贸易	6.214608
2.571429	0.108809	波动	6.214608
2.461538	0.116664	资产	6.214608
2.461538	0.116664	协议	6.214608
2.333333	0.126630	新	6.214608
2.333333	0.126630	进一步	6.214608
2.272727	0.131668	疲软	6.214608
2.272727	0.131668	理事	6.214608
2.272727	0.131668	产生	6.214608
2.250000	0.133614	存在	6.214608
2.250000	0.133614	公投	6.214608
2.250000	0.133614	平均	6.214608
2.250000	0.133614	下	6.214608
2.250000	0.133614	稳定	6.214608
2.130435	0.144400	货币	6.214608
2.000000	0.157299	劳动力	6.214608
2.000000	0.157299	可口可乐	6.214608
2.000000	0.157299	评估	6.214608
2.000000	0.157299	成本	6.214608
2.000000	0.157299	小幅	6.214608
2.000000	0.157299	整体	6.214608
2.000000	0.157299	交易日	6.214608
2.000000	0.157299	建设	6.214608
2.000000	0.157299	LME	6.214608
2.000000	0.157299	提振	6.214608
2.000000	0.157299	必要	6.214608
2.000000	0.157299	寻求	6.214608
2.000000	0.157299	走	6.214608
2.000000	0.157299	代表	6.214608
2.000000	0.157299	两	6.214608
2.000000	0.157299	低	6.214608
2.000000	0.157299	增幅	6.214608
2.000000	0.157299	昨日	6.214608
2.000000	0.157299	综合	6.214608
2.000000	0.157299	低位	6.214608
2.000000	0.157299	符合	6.214608
2.000000	0.157299	法兰克福	6.214608
2.000000	0.157299	苏宁	6.214608
2.000000	0.157299	并网	6.214608
2.000000	0.157299	容量	6.214608
2.000000	0.157299	欠款	6.214608
2.000000	0.157299	三星	6.214608
2.000000	0.157299	巴塞尔	6.214608
2.000000	0.157299	太古	6.214608
2.000000	0.157299	公司债	6.214608
2.000000	0.157299	英超	6.214608
2.000000	0.157299	乐视	6.214608
2.000000	0.157299	合同	6.214608
2.000000	0.157299	物流	6.214608
2.000000	0.157299	错配	6.214608
2.000000	0.157299	PPP	6.214608
2.000000	0.157299	对冲	6.214608
2.000000	0.157299	脱	6.214608
2.000000	0.157299	小时	6.214608
2.000000	0.157299	十三	6.214608
2.000000	0.157299	违规	6.214608
2.000000	0.157299	手机	6.214608
2.000000	0.157299	限购	6.214608
2.000000	0.157299	南京	6.214608
2.000000	0.157299	溢价	6.214608
2.000000	0.157299	内蒙古	6.214608
2.000000	0.157299	百度	6.214608
2.000000	0.157299	山东	6.214608
2.000000	0.157299	独家	6.214608
2.000000	0.157299	通已	6.214608
2.000000	0.157299	中标	6.214608
2.000000	0.157299	大豆	6.214608
2.000000	0.157299	智慧	6.214608
2.000000	0.157299	澳大利亚	6.214608
2.000000	0.157299	流转	6.214608
2.000000	0.157299	Brainard	6.214608
2.000000	0.157299	日所创	6.214608
2.000000	0.157299	任命	6.214608
2.000000	0.157299	与会者	6.214608
2.000000	0.157299	逐步	6.214608
2.000000	0.157299	过渡	6.214608
2.000000	0.157299	法院	6.214608
2.000000	0.157299	开工	6.214608
2.000000	0.157299	涨势	6.214608
2.000000	0.157299	打造	6.214608
2.000000	0.157299	国有资本	6.214608
2.000000	0.157299	审议	6.214608
2.000000	0.157299	煤电	6.214608
2.000000	0.157299	富士通	6.214608
2.000000	0.157299	材料	6.214608
2.000000	0.157299	人民日报	6.214608
2.000000	0.157299	放大	6.214608
2.000000	0.157299	饮料	6.214608
2.000000	0.157299	上市公司	6.214608
2.000000	0.157299	引入	6.214608
2.000000	0.157299	雾	6.214608
2.000000	0.157299	霾	6.214608
2.000000	0.157299	迎	6.214608
2.000000	0.157299	省份	6.214608
2.000000	0.157299	计算	6.214608
2.000000	0.157299	赛季	6.214608
2.000000	0.157299	间	6.214608
2.000000	0.157299	倒计时	6.214608
2.000000	0.157299	路演	6.214608
2.000000	0.157299	上限	6.214608
2.000000	0.157299	紧急	6.214608
2.000000	0.157299	钢铁	6.214608
2.000000	0.157299	停产	6.214608
2.000000	0.157299	李小加	6.214608
2.000000	0.157299	推介会	6.214608
2.000000	0.157299	风电	6.214608
2.000000	0.157299	农业	6.214608
2.000000	0.157299	基调	6.214608
2.000000	0.157299	万吨	6.214608
2.000000	0.157299	物	6.214608
2.000000	0.157299	联网	6.214608
2.000000	0.157299	回应	6.214608
2.000000	0.157299	主产地	6.214608
2.000000	0.157299	销量	6.214608
2.000000	0.157299	智能手机	6.214608
2.000000	0.157299	装修	6.214608
2.000000	0.157299	福州	6.214608
2.000000	0.157299	功能区	6.214608
2.000000	0.157299	港通	6.214608
2.000000	0.157299	涉嫌	6.214608
2.000000	0.157299	标的	6.214608
2.000000	0.157299	回到	6.214608
2.000000	0.157299	帐	6.214608
2.000000	0.157299	机器人	6.214608
2.000000	0.157299	期权	6.214608
2.000000	0.157299	阿里	6.214608
2.000000	0.157299	巴克莱	6.214608
2.000000	0.157299	伊拉克	6.214608
2.000000	0.157299	受让	6.214608
2.000000	0.157299	回复	6.214608
2.000000	0.157299	第三季度	6.214608
2.000000	0.157299	实验室	6.214608
2.000000	0.157299	权益	6.214608
2.000000	0.157299	强化	6.214608
2.000000	0.157299	京东	6.214608
2.000000	0.157299	远	6.214608
2.000000	0.157299	端	6.214608
2.000000	0.157299	亚太	6.214608
2.000000	0.157299	马云	6.214608
2.000000	0.157299	从容	6.214608
2.000000	0.157299	陈春艳	6.214608
2.000000	0.157299	进程	6.214608
2.000000	0.157299	老龄化	6.214608
2.000000	0.157299	建部	6.214608
2.000000	0.157299	世界	6.214608
2.000000	0.157299	理财	6.214608
2.000000	0.157299	二级	6.214608
2.000000	0.157299	胡文洲	6.214608
2.000000	0.157299	中介	6.214608
2.000000	0.157299	何昕	6.214608
2.000000	0.157299	丁涵	6.214608
2.000000	0.157299	受益	6.214608
2.000000	0.157299	权衡	6.214608
2.000000	0.157299	Jack	6.214608
2.000000	0.157299	Lew	6.214608
2.000000	0.157299	经理	6.214608
2.000000	0.157299	美指	6.214608
2.000000	0.157299	Preat	6.214608
2.000000	0.157299	必需	6.214608
2.000000	0.157299	消费品	6.214608
2.000000	0.157299	适当	6.214608
2.000000	0.157299	适合	6.214608
2.000000	0.157299	表达	6.214608
2.000000	0.157299	件	6.214608
2.000000	0.157299	好事	6.214608
2.000000	0.157299	抵消	6.214608
2.000000	0.157299	猜测	6.214608
2.000000	0.157299	预算赤字	6.214608
2.000000	0.157299	反对派	6.214608
2.000000	0.157299	耗费	6.214608
2.000000	0.157299	秋季	6.214608
2.000000	0.157299	观望	6.214608
2.000000	0.157299	松弛	6.214608
2.000000	0.157299	观点	6.214608
2.000000	0.157299	适应	6.214608
2.000000	0.157299	恐慌	6.214608
2.000000	0.157299	VIX	6.214608
2.000000	0.157299	徘徊	6.214608
2.000000	0.157299	避险	6.214608
2.000000	0.157299	却	6.214608
2.000000	0.157299	CME	6.214608
2.000000	0.157299	本月	6.214608
2.000000	0.157299	站上	6.214608
2.000000	0.157299	重	6.214608
2.000000	0.157299	坚守	6.214608
2.000000	0.157299	最低水平	6.214608
2.000000	0.157299	回暖	6.214608
2.000000	0.157299	不利	6.214608
2.000000	0.157299	支撑位	6.214608
2.000000	0.157299	务实	6.214608
2.000000	0.157299	Praet	6.214608
2.000000	0.157299	跌约	6.214608
2.000000	0.157299	爱尔兰	6.214608
2.000000	0.157299	齐创	6.214608
2.000000	0.157299	清淡	6.214608
2.000000	0.157299	削弱	6.214608
2.000000	0.157299	四周	6.214608
2.000000	0.157299	坐收	6.214608
2.000000	0.157299	大红包	6.214608
2.000000	0.157299	这会	6.214608
2.000000	0.157299	汇兑	6.214608
2.000000	0.157299	损失	6.214608
2.000000	0.157299	殃及	6.214608
2.000000	0.157299	纺织	6.214608
2.000000	0.157299	服装	6.214608
2.000000	0.157299	仍显	6.214608
2.000000	0.157299	地缘	6.214608
2.000000	0.157299	十分	6.214608
2.000000	0.157299	欧盟委员会	6.214608
2.000000	0.157299	欧前	6.214608
2.000000	0.157299	平减	6.214608
2.000000	0.157299	坚实	6.214608
2.000000	0.157299	欧洲理事会	6.214608
2.000000	0.157299	证明	6.214608
2.000000	0.157299	单月	6.214608
2.000000	0.157299	降至	6.214608
2.000000	0.157299	闲置	6.214608
2.000000	0.157299	参与率	6.214608
2.000000	0.157299	每周	6.214608
2.000000	0.157299	工时	6.214608
2.000000	0.157299	一种	6.214608
2.000000	0.157299	复杂	6.214608
2.000000	0.157299	趋平	6.214608
2.000000	0.157299	七年	6.214608
2.000000	0.157299	相继	6.214608
2.000000	0.157299	亚市	6.214608
2.000000	0.157299	WTO	6.214608
2.000000	0.157299	时间表	6.214608
2.000000	0.157299	有权	6.214608
2.000000	0.157299	不太可能	6.214608
2.000000	0.157299	长债	6.214608
2.000000	0.157299	欢迎	6.214608
2.000000	0.157299	Lacker	6.214608
2.000000	0.157299	前提	6.214608
2.000000	0.157299	过渡期	6.214608
2.000000	0.157299	英国议会	6.214608
2.000000	0.157299	恐	6.214608
2.000000	0.157299	净资产	6.214608
2.000000	0.157299	涵盖	6.214608
2.000000	0.157299	持续增长	6.214608
2.000000	0.157299	留在	6.214608
2.000000	0.157299	对抗	6.214608
2.000000	0.157299	每盎司	6.214608
2.000000	0.157299	更长	6.214608
2.000000	0.157299	稳定性	6.214608
2.000000	0.157299	日常	6.214608
2.000000	0.157299	指盘	6.214608
2.000000	0.157299	无需	6.214608
2.000000	0.157299	耶伦称	6.214608
2.000000	0.157299	目前为止	6.214608
2.000000	0.157299	好处	6.214608
2.000000	0.157299	DRYS	6.214608
2.000000	0.157299	富时泛	6.214608
2.000000	0.157299	绩优	6.214608
2.000000	0.157299	矿业	6.214608
2.000000	0.157299	基	6.214608
2.000000	0.157299	各地	6.214608
2.000000	0.157299	国企改革	6.214608
2.000000	0.157299	国新	6.214608
2.000000	0.157299	拟定	6.214608
2.000000	0.157299	国务院	6.214608
2.000000	0.157299	李克强	6.214608
2.000000	0.157299	国家能源委员会	6.214608
2.000000	0.157299	原则上	6.214608
2.000000	0.157299	生产商	6.214608
2.000000	0.157299	期铜	6.214608
2.000000	0.157299	锌	6.214608
2.000000	0.157299	当地	6.214608
2.000000	0.157299	全市	6.214608
2.000000	0.157299	参考报	6.214608
2.000000	0.157299	朔伊	6.214608
2.000000	0.157299	布勒	6.214608
2.000000	0.157299	TREE	6.214608
2.000000	0.157299	倍数	6.214608
2.000000	0.157299	前次	6.214608
2.000000	0.157299	早	6.214608
2.000000	0.157299	布伦特	6.214608
2.000000	0.157299	国务卿	6.214608
2.000000	0.157299	铜期货	6.214608
2.000000	0.157299	磅	6.214608
2.000000	0.157299	史上	6.214608
2.000000	0.157299	领跑	6.214608
2.000000	0.157299	合并	6.214608
2.000000	0.157299	同店	6.214608
2.000000	0.157299	德银	6.214608
2.000000	0.157299	X	6.214608
2.000000	0.157299	Trackers	6.214608
2.000000	0.157299	嘉实	6.214608
2.000000	0.157299	股票市场	6.214608
2.000000	0.157299	苹果公司	6.214608
2.000000	0.157299	应用	6.214608
2.000000	0.157299	公	6.214608
2.000000	0.157299	鸡蛋	6.214608
2.000000	0.157299	白糖	6.214608
2.000000	0.157299	郑棉	6.214608
2.000000	0.157299	豆粕	6.214608
2.000000	0.157299	PP	6.214608
2.000000	0.157299	刊文	6.214608
2.000000	0.157299	事实上	6.214608
2.000000	0.157299	通知	6.214608
2.000000	0.157299	检查	6.214608
2.000000	0.157299	数字	6.214608
2.000000	0.157299	生态	6.214608
2.000000	0.157299	倍	6.214608
2.000000	0.157299	优化	6.214608
2.000000	0.157299	油气	6.214608
2.000000	0.157299	电力	6.214608
2.000000	0.157299	深化	6.214608
2.000000	0.157299	下周一	6.214608
2.000000	0.157299	经济日报	6.214608
2.000000	0.157299	早间	6.214608
2.000000	0.157299	累积	6.214608
2.000000	0.157299	合资企业	6.214608
2.000000	0.157299	首拍	6.214608
2.000000	0.157299	首场	6.214608
2.000000	0.157299	出让	6.214608
2.000000	0.157299	幅	6.214608
2.000000	0.157299	起始	6.214608
2.000000	0.157299	价	6.214608
2.000000	0.157299	率为	6.214608
2.000000	0.157299	首尔	6.214608
2.000000	0.157299	综指	6.214608
2.000000	0.157299	下属	6.214608
2.000000	0.157299	外部	6.214608
2.000000	0.157299	首批	6.214608
2.000000	0.157299	基地	6.214608
2.000000	0.157299	两大	6.214608
2.000000	0.157299	节奏	6.214608
2.000000	0.157299	多元化	6.214608
2.000000	0.157299	电子商务	6.214608
2.000000	0.157299	工信部	6.214608
2.000000	0.157299	部署	6.214608
2.000000	0.157299	中概	6.214608
2.000000	0.157299	新华社	6.214608
2.000000	0.157299	全国人大	6.214608
2.000000	0.157299	主任委员	6.214608
2.000000	0.157299	放宽	6.214608
2.000000	0.157299	高端	6.214608
2.000000	0.157299	中兴通讯	6.214608
2.000000	0.157299	美国商务部	6.214608
2.000000	0.157299	许可	6.214608
2.000000	0.157299	镍	6.214608
2.000000	0.157299	征收	6.214608
2.000000	0.157299	澳门地区	6.214608
2.000000	0.157299	体育	6.214608
2.000000	0.157299	日报	6.214608
2.000000	0.157299	投放	6.214608
2.000000	0.157299	今天	6.214608
2.000000	0.157299	恒生指数	6.214608
2.000000	0.157299	双双	6.214608
2.000000	0.157299	建艺	6.214608
2.000000	0.157299	股大涨	6.214608
2.000000	0.157299	统计局	6.214608
2.000000	0.157299	京沪	6.214608
2.000000	0.157299	趋稳	6.214608
2.000000	0.157299	致辞	6.214608
2.000000	0.157299	各项	6.214608
2.000000	0.157299	面上	6.214608
2.000000	0.157299	宝能	6.214608
2.000000	0.157299	管理层	6.214608
2.000000	0.157299	龙一	6.214608
2.000000	0.157299	直线	6.214608
2.000000	0.157299	万元	6.214608
2.000000	0.157299	一带	6.214608
2.000000	0.157299	爆发	6.214608
2.000000	0.157299	实行	6.214608
2.000000	0.157299	凤凰	6.214608
2.000000	0.157299	万千瓦	6.214608
2.000000	0.157299	亿千瓦	6.214608
2.000000	0.157299	深度	6.214608
2.000000	0.157299	副组长	6.214608
2.000000	0.157299	年会	6.214608
2.000000	0.157299	不够	6.214608
2.000000	0.157299	斤	6.214608
2.000000	0.157299	链	6.214608
2.000000	0.157299	时段	6.214608
2.000000	0.157299	余万元	6.214608
2.000000	0.157299	周明	6.214608
2.000000	0.157299	局面	6.214608
2.000000	0.157299	午间	6.214608
2.000000	0.157299	指跌	6.214608
2.000000	0.157299	上午	6.214608
2.000000	0.157299	招标	6.214608
2.000000	0.157299	拓展	6.214608
2.000000	0.157299	港交所	6.214608
2.000000	0.157299	募集	6.214608
2.000000	0.157299	配套	6.214608
2.000000	0.157299	港口	6.214608
2.000000	0.157299	领跌	6.214608
2.000000	0.157299	实业	6.214608
2.000000	0.157299	计委	6.214608
2.000000	0.157299	联合	6.214608
2.000000	0.157299	文件	6.214608
2.000000	0.157299	得以	6.214608
2.000000	0.157299	中兴	6.214608
2.000000	0.157299	否认	6.214608
2.000000	0.157299	产能	6.214608
2.000000	0.157299	股通	6.214608
2.000000	0.157299	每日	6.214608
2.000000	0.157299	额度	6.214608
2.000000	0.157299	大众汽车	6.214608
2.000000	0.157299	特殊	6.214608
2.000000	0.157299	IMF	6.214608
2.000000	0.157299	办法	6.214608
2.000000	0.157299	举办	6.214608
2.000000	0.157299	IPO	6.214608
2.000000	0.157299	考验	6.214608
2.000000	0.157299	联合声明	6.214608
2.000000	0.157299	落实	6.214608
2.000000	0.157299	DAX	6.214608
2.000000	0.157299	借壳	6.214608
2.000000	0.157299	系列	6.214608
2.000000	0.157299	布油	6.214608
2.000000	0.157299	查处	6.214608
2.000000	0.157299	案件	6.214608
2.000000	0.157299	跨	6.214608
2.000000	0.157299	罚	6.214608
2.000000	0.157299	账户	6.214608
2.000000	0.157299	虚假	6.214608
2.000000	0.157299	季调	6.214608
2.000000	0.157299	Broadbent	6.214608
2.000000	0.157299	略低于	6.214608
2.000000	0.157299	对象	6.214608
2.000000	0.157299	暂停	6.214608
2.000000	0.157299	质疑	6.214608
2.000000	0.157299	本次	6.214608
2.000000	0.157299	登记	6.214608
2.000000	0.157299	惠誉	6.214608
2.000000	0.157299	承销	6.214608
2.000000	0.157299	公募	6.214608
2.000000	0.157299	组织	6.214608
2.000000	0.157299	阿尔及利亚	6.214608
2.000000	0.157299	冻产	6.214608
2.000000	0.157299	能源部长	6.214608
2.000000	0.157299	加入	6.214608
2.000000	0.157299	德意志银行	6.214608
2.000000	0.157299	购	6.214608
2.000000	0.157299	第二	6.214608
2.000000	0.157299	广东	6.214608
2.000000	0.157299	VR	6.214608
2.000000	0.157299	日起	6.214608
2.000000	0.157299	增持	6.214608
2.000000	0.157299	大西洋	6.214608
2.000000	0.157299	投行	6.214608
2.000000	0.157299	院士	6.214608
2.000000	0.157299	领导	6.214608
2.000000	0.157299	多个	6.214608
2.000000	0.157299	将来	6.214608
2.000000	0.157299	科达	6.214608
2.000000	0.157299	股本	6.214608
2.000000	0.157299	热轧卷	6.214608
2.000000	0.157299	板	6.214608
2.000000	0.157299	超市	6.214608
2.000000	0.157299	门店	6.214608
2.000000	0.157299	里斯本	6.214608
2.000000	0.157299	第一个	6.214608
2.000000	0.157299	销售商	6.214608
2.000000	0.157299	ANF	6.214608
2.000000	0.157299	George	6.214608
2.000000	0.157299	Kuczynski	6.214608
2.000000	0.157299	自由贸易	6.214608
2.000000	0.157299	CRM	6.214608
2.000000	0.157299	MRVL	6.214608
2.000000	0.157299	控制权	6.214608
2.000000	0.157299	子公司	6.214608
2.000000	0.157299	TSLA	6.214608
2.000000	0.157299	SCTY	6.214608
2.000000	0.157299	谘	6.214608
2.000000	0.157299	商会	6.214608
2.000000	0.157299	领先	6.214608
2.000000	0.157299	JPM	6.214608
2.000000	0.157299	继承者	6.214608
2.000000	0.157299	抉择	6.214608
2.000000	0.157299	戴蒙	6.214608
2.000000	0.157299	出任	6.214608
2.000000	0.157299	财政部长	6.214608
2.000000	0.157299	油	6.214608
2.000000	0.157299	减产	6.214608
2.000000	0.157299	一轮	6.214608
2.000000	0.157299	农产品	6.214608
2.000000	0.157299	全线	6.214608
2.000000	0.157299	单周	6.214608
2.000000	0.157299	油服	6.214608
2.000000	0.157299	口数	6.214608
2.000000	0.157299	恢复	6.214608
2.000000	0.157299	结构	6.214608
2.000000	0.157299	首都	6.214608
2.000000	0.157299	利马	6.214608
2.000000	0.157299	网上银行	6.214608
2.000000	0.157299	至今	6.214608
2.000000	0.157299	FB	6.214608
2.000000	0.157299	刚刚	6.214608
2.000000	0.157299	日本首相	6.214608
2.000000	0.157299	安倍晋三	6.214608
2.000000	0.157299	产	6.214608
2.000000	0.157299	本轮	6.214608
2.000000	0.157299	短期内	6.214608
2.000000	0.157299	逆转	6.214608
2.000000	0.157299	转换	6.214608
2.000000	0.157299	着力点	6.214608
2.000000	0.157299	调节	6.214608
2.000000	0.157299	经营	6.214608
2.000000	0.157299	两三年	6.214608
2.000000	0.157299	出清	6.214608
2.000000	0.157299	艰难	6.214608
2.000000	0.157299	民营	6.214608
2.000000	0.157299	以上	6.214608
2.000000	0.157299	脉冲	6.214608
2.000000	0.157299	名义	6.214608
2.000000	0.157299	打破	6.214608
2.000000	0.157299	必然	6.214608
2.000000	0.157299	危	6.214608
2.000000	0.157299	出路	6.214608
2.000000	0.157299	波动性	6.214608
2.000000	0.157299	正值	6.214608
2.000000	0.157299	平安	6.214608
2.000000	0.157299	一级	6.214608
2.000000	0.157299	寒冬	6.214608
2.000000	0.157299	王健林	6.214608
2.000000	0.157299	搞	6.214608
2.000000	0.157299	错	6.214608
2.000000	0.157299	开发	6.214608
2.000000	0.157299	韩同	6.214608
2.000000	0.157299	利谈	6.214608
2.000000	0.157299	机遇	6.214608
2.000000	0.157299	庞大	6.214608
2.000000	0.157299	Milvus	6.214608
2.000000	0.157299	Capital	6.214608
2.000000	0.157299	策略师	6.214608
2.000000	0.157299	以内	6.214608
2.000000	0.157299	石油部	6.214608
2.000000	0.157299	Barkindo	6.214608
2.000000	0.157299	经济周期	6.214608
2.000000	0.157299	肯定	6.214608
2.000000	0.157299	摩根士丹利	6.214608
2.000000	0.157299	提前	6.214608
2.000000	0.157299	售价	6.214608
2.000000	0.157299	假定	6.214608
2.000000	0.157299	维也纳	6.214608
2.000000	0.157299	稳	6.214608
2.000000	0.157299	双	6.214608
2.000000	0.157299	两国	6.214608
2.000000	0.157299	日称	6.214608
2.000000	0.157299	次	6.214608
2.000000	0.157299	上称	6.214608
2.000000	0.157299	缺陷	6.214608
2.000000	0.157299	扩容	6.214608
2.000000	0.157299	继	6.214608
2.000000	0.157299	网站	6.214608
2.000000	0.157299	年来	6.214608
2.000000	0.157299	一道	6.214608
2.000000	0.157299	二季度	6.214608
2.000000	0.157299	新一轮	6.214608
2.000000	0.157299	背景	6.214608
2.000000	0.157299	偏紧	6.214608
2.000000	0.157299	被动	6.214608
2.000000	0.157299	收紧	6.214608
2.000000	0.157299	趋紧	6.214608
2.000000	0.157299	投资人	6.214608
2.000000	0.157299	中银国际	6.214608
2.000000	0.157299	中国外交部	6.214608
2.000000	0.157299	会见	6.214608
2.000000	0.157299	民生	6.214608
2.000000	0.157299	副总裁	6.214608
2.000000	0.157299	院长	6.214608
2.000000	0.157299	忽视	6.214608
2.000000	0.157299	唯一	6.214608
2.000000	0.157299	努力	6.214608
2.000000	0.157299	人士	6.214608
2.000000	0.157299	治理	6.214608
2.000000	0.157299	亚洲区	6.214608
2.000000	0.157299	万亿元	6.214608
2.000000	0.157299	风口	6.214608
2.000000	0.157299	华泰	6.214608
2.000000	0.157299	经历	6.214608
2.000000	0.157299	失衡	6.214608
2.000000	0.157299	亚太区	6.214608
2.000000	0.157299	章如铁	6.214608
1.960000	0.161513	欧洲	6.214608
1.923077	0.165518	未	6.214608
1.855072	0.173195	年	6.214608
1.800000	0.179712	发布	6.214608
1.800000	0.179712	万人	6.214608
1.800000	0.179712	Facebook	6.214608
1.800000	0.179712	生产	6.214608
1.800000	0.179712	主力	6.214608
1.800000	0.179712	存款	6.214608
1.800000	0.179712	交易所	6.214608
1.800000	0.179712	破	6.214608
1.800000	0.179712	上市	6.214608
1.800000	0.179712	开展	6.214608
1.800000	0.179712	式	6.214608
1.800000	0.179712	下行	6.214608
1.800000	0.179712	多家	6.214608
1.800000	0.179712	拖累	6.214608
1.800000	0.179712	五个	6.214608
1.800000	0.179712	谨慎	6.214608
1.800000	0.179712	月末	6.214608
1.800000	0.179712	冲击	6.214608
1.800000	0.179712	建立	6.214608
1.800000	0.179712	在于	6.214608
1.800000	0.179712	大规模	6.214608
1.800000	0.179712	走高	6.214608
1.800000	0.179712	物价	6.214608
1.800000	0.179712	共识	6.214608
1.800000	0.179712	天	6.214608
1.800000	0.179712	国防	6.214608
1.800000	0.179712	门槛	6.214608
1.800000	0.179712	重挫	6.214608
1.800000	0.179712	抛售	6.214608
1.800000	0.179712	总理	6.214608
1.800000	0.179712	转为	6.214608
1.800000	0.179712	距离	6.214608
1.800000	0.179712	供应	6.214608
1.800000	0.179712	过后	6.214608
1.800000	0.179712	大幅度	6.214608
1.800000	0.179712	制造	6.214608
1.800000	0.179712	超出	6.214608
1.800000	0.179712	发	6.214608
1.800000	0.179712	披露	6.214608
1.800000	0.179712	比例	6.214608
1.800000	0.179712	成员国	6.214608
1.800000	0.179712	涨近	6.214608
1.800000	0.179712	正式	6.214608
1.800000	0.179712	严重	6.214608
1.666667	0.196706	监管	6.214608
1.666667	0.196706	会议	6.214608
1.653061	0.198543	全球	6.214608
1.600000	0.205903	逼近	6.214608
1.600000	0.205903	程度	6.214608
1.600000	0.205903	情况	6.214608
1.600000	0.205903	家	6.214608
1.600000	0.205903	下降	6.214608
1.600000	0.205903	总结	6.214608
1.600000	0.205903	接近	6.214608
1.600000	0.205903	走势	6.214608
1.600000	0.205903	....	6.214608
1.600000	0.205903	当选	6.214608
1.600000	0.205903	涨跌	6.214608
1.600000	0.205903	升至	6.214608
1.600000	0.205903	再	6.214608
1.484848	0.223017	中	6.214608
1.470588	0.225253	考虑	6.214608
1.384615	0.239317	货币政策	6.214608
1.333333	0.248213	购买	6.214608
1.333333	0.248213	关注	6.214608
1.333333	0.248213	处于	6.214608
1.333333	0.248213	之后	6.214608
1.333333	0.248213	结束	6.214608
1.333333	0.248213	道琼斯	6.214608
1.315789	0.251349	面临	6.214608
1.285714	0.256839	社会	6.214608
1.285714	0.256839	压力	6.214608
1.285714	0.256839	系统	6.214608
1.285714	0.256839	缩减	6.214608
1.285714	0.256839	团队	6.214608
1.285714	0.256839	一段时间	6.214608
1.285714	0.256839	升值	6.214608
1.285714	0.256839	将会	6.214608
1.285714	0.256839	刺激	6.214608
1.285714	0.256839	担心	6.214608
1.285714	0.256839	周五	6.214608
1.285714	0.256839	全面	6.214608
1.285714	0.256839	高点	6.214608
1.285714	0.256839	日来	6.214608
1.285714	0.256839	巨大	6.214608
1.285714	0.256839	承诺	6.214608
1.285714	0.256839	解决	6.214608
1.285714	0.256839	领导人	6.214608
1.285714	0.256839	获得	6.214608
1.285714	0.256839	原因	6.214608
1.285714	0.256839	国内	6.214608
1.285714	0.256839	现在	6.214608
1.285714	0.256839	持平	6.214608
1.285714	0.256839	潜在	6.214608
1.142857	0.285049	增加	6.214608
1.142857	0.285049	银行业	6.214608
1.125000	0.288844	收盘	6.214608
1.125000	0.288844	已经	6.214608
1.086957	0.297147	美股	6.214608
1.000000	0.317311	央行	6.214608
1.000000	0.317311	本周	6.214608
1.000000	0.317311	亿	6.214608
1.000000	0.317311	此前	6.214608
1.000000	0.317311	股指	6.214608
1.000000	0.317311	高	6.214608
1.000000	0.317311	进展	6.214608
1.000000	0.317311	报道	6.214608
1.000000	0.317311	乐观	6.214608
1.000000	0.317311	公布	6.214608
1.000000	0.317311	关键	6.214608
1.000000	0.317311	只	6.214608
1.000000	0.317311	无法	6.214608
1.000000	0.317311	全球化	6.214608
1.000000	0.317311	生产率	6.214608
1.000000	0.317311	早盘	6.214608
1.000000	0.317311	利益	6.214608
1.000000	0.317311	设备	6.214608
1.000000	0.317311	台	6.214608
1.000000	0.317311	听证会	6.214608
1.000000	0.317311	曲线	6.214608
1.000000	0.317311	固定	6.214608
1.000000	0.317311	强	6.214608
1.000000	0.317311	接受	6.214608
1.000000	0.317311	纳入	6.214608
1.000000	0.317311	确实	6.214608
1.000000	0.317311	住房	6.214608
1.000000	0.317311	家庭	6.214608
1.000000	0.317311	正常	6.214608
1.000000	0.317311	转而	6.214608
1.000000	0.317311	万桶	6.214608
1.000000	0.317311	正面	6.214608
1.000000	0.317311	最近	6.214608
1.000000	0.317311	宗	6.214608
1.000000	0.317311	复核	6.214608
1.000000	0.317311	测试	6.214608
1.000000	0.317311	减持	6.214608
1.000000	0.317311	空缺	6.214608
1.000000	0.317311	并不认为	6.214608
1.000000	0.317311	期金收	6.214608
1.000000	0.317311	构成	6.214608
1.000000	0.317311	稳健	6.214608
1.000000	0.317311	日内涨	6.214608
1.000000	0.317311	尤其	6.214608
1.000000	0.317311	泡沫	6.214608
1.000000	0.317311	这种	6.214608
1.000000	0.317311	速度	6.214608
1.000000	0.317311	连跌	6.214608
1.000000	0.317311	置评	6.214608
1.000000	0.317311	关税	6.214608
1.000000	0.317311	重新	6.214608
1.000000	0.317311	业内人士	6.214608
1.000000	0.317311	推出	6.214608
1.000000	0.317311	做	6.214608
1.000000	0.317311	一系列	6.214608
1.000000	0.317311	债权	6.214608
1.000000	0.317311	弹性	6.214608
1.000000	0.317311	确保	6.214608
1.000000	0.317311	引	6.214608
1.000000	0.317311	专家	6.214608
1.000000	0.317311	流动性	6.214608
1.000000	0.317311	收于	6.214608
1.000000	0.317311	移民	6.214608
1.000000	0.317311	万户	6.214608
1.000000	0.317311	一线	6.214608
1.000000	0.317311	增强	6.214608
1.000000	0.317311	大多数	6.214608
1.000000	0.317311	中小	6.214608
1.000000	0.317311	遭遇	6.214608
1.000000	0.317311	回吐	6.214608
1.000000	0.317311	平盘	6.214608
1.000000	0.317311	紧张	6.214608
1.000000	0.317311	活跃	6.214608
1.000000	0.317311	贴现	6.214608
1.000000	0.317311	采取行动	6.214608
1.000000	0.317311	有序	6.214608
1.000000	0.317311	路径	6.214608
1.000000	0.317311	中性	6.214608
1.000000	0.317311	保值	6.214608
1.000000	0.317311	警告	6.214608
1.000000	0.317311	几年	6.214608
1.000000	0.317311	大型	6.214608
1.000000	0.317311	年内	6.214608
1.000000	0.317311	越来越	6.214608
1.000000	0.317311	这一	6.214608
1.000000	0.317311	午后	6.214608
1.000000	0.317311	成交	6.214608
1.000000	0.317311	不可	6.214608
1.000000	0.317311	分析	6.214608
1.000000	0.317311	方向	6.214608
1.000000	0.317311	借贷	6.214608
1.000000	0.317311	普遍	6.214608
1.000000	0.317311	旨在	6.214608
1.000000	0.317311	外流	6.214608
1.000000	0.317311	变	6.214608
1.000000	0.317311	预测	6.214608
1.000000	0.317311	模式	6.214608
1.000000	0.317311	建议	6.214608
1.000000	0.317311	估值	6.214608
1.000000	0.317311	投	6.214608
1.000000	0.317311	应对	6.214608
1.000000	0.317311	太	6.214608
1.000000	0.317311	态势	6.214608
1.000000	0.317311	第三	6.214608
1.000000	0.317311	财季	6.214608
1.000000	0.317311	签订	6.214608
1.000000	0.317311	案	6.214608
1.000000	0.317311	NB	6.214608
1.000000	0.317311	IoT	6.214608
1.000000	0.317311	债	6.214608
1.000000	0.317311	医院	6.214608
1.000000	0.317311	五粮液	6.214608
1.000000	0.317311	华夏银行	6.214608
1.000000	0.317311	核电站	6.214608
1.000000	0.317311	建行	6.214608
1.000000	0.317311	装配式	6.214608
1.000000	0.317311	金融公司	6.214608
1.000000	0.317311	耕地	6.214608
1.000000	0.317311	三板	6.214608
1.000000	0.317311	挂牌	6.214608
1.000000	0.317311	成屋	6.214608
1.000000	0.317311	运营	6.214608
1.000000	0.317311	养老金	6.214608
1.000000	0.317311	联通	6.214608
1.000000	0.317311	混改	6.214608
1.000000	0.317311	水泥	6.214608
1.000000	0.317311	错峰	6.214608
1.000000	0.317311	shibor	6.214608
1.000000	0.317311	MSCI	6.214608
1.000000	0.317311	期指	6.214608
1.000000	0.317311	净流入	6.214608
1.000000	0.317311	新型	6.214608
1.000000	0.317311	海洋	6.214608
1.000000	0.317311	资产重组	6.214608
1.000000	0.317311	首家	6.214608
1.000000	0.317311	规模化	6.214608
1.000000	0.317311	商用	6.214608
1.000000	0.317311	一汽	6.214608
1.000000	0.317311	分红	6.214608
1.000000	0.317311	定期	6.214608
1.000000	0.317311	财险	6.214608
1.000000	0.317311	梁光伟	6.214608
1.000000	0.317311	量子	6.214608
1.000000	0.317311	站岗	6.214608
1.000000	0.317311	亚洲	6.214608
1.000000	0.317311	董明珠	6.214608
1.000000	0.317311	网红	6.214608
1.000000	0.317311	系	6.214608
1.000000	0.317311	航空航天	6.214608
1.000000	0.317311	承包	6.214608
1.000000	0.317311	超级稻	6.214608
1.000000	0.317311	亩产	6.214608
1.000000	0.317311	签约	6.214608
1.000000	0.317311	检方	6.214608
1.000000	0.317311	崔顺实	6.214608
1.000000	0.317311	僵尸	6.214608
1.000000	0.317311	CBOT	6.214608
1.000000	0.317311	交接	6.214608
1.000000	0.317311	天花板	6.214608
1.000000	0.317311	一揽子	6.214608
1.000000	0.317311	万英镑	6.214608
1.000000	0.317311	透明度	6.214608
1.000000	0.317311	欧洲议会	6.214608
1.000000	0.317311	点涨	6.214608
1.000000	0.317311	周二	6.214608
1.000000	0.317311	几率	6.214608
1.000000	0.317311	票委	6.214608
1.000000	0.317311	欧恐	6.214608
1.000000	0.317311	减码	6.214608
1.000000	0.317311	搬离	6.214608
1.000000	0.317311	创造	6.214608
1.000000	0.317311	直升机	6.214608
1.000000	0.317311	撒钱	6.214608
1.000000	0.317311	巴尼耶	6.214608
1.000000	0.317311	管辖	6.214608
1.000000	0.317311	居住	6.214608
1.000000	0.317311	欧市	6.214608
1.000000	0.317311	接触	6.214608
1.000000	0.317311	WellCare	6.214608
1.000000	0.317311	Health	6.214608
1.000000	0.317311	Universal	6.214608
1.000000	0.317311	严查	6.214608
1.000000	0.317311	关停	6.214608
1.000000	0.317311	无证	6.214608
1.000000	0.317311	售楼部	6.214608
1.000000	0.317311	LendingTree	6.214608
1.000000	0.317311	或超	6.214608
1.000000	0.317311	AC	6.214608
1.000000	0.317311	米兰	6.214608
1.000000	0.317311	EPS	6.214608
1.000000	0.317311	去年同期	6.214608
1.000000	0.317311	闪屏	6.214608
1.000000	0.317311	修复	6.214608
1.000000	0.317311	海外版	6.214608
1.000000	0.317311	铁塔	6.214608
1.000000	0.317311	力争	6.214608
1.000000	0.317311	小微	6.214608
1.000000	0.317311	华鹏	6.214608
1.000000	0.317311	版权	6.214608
1.000000	0.317311	天下	6.214608
1.000000	0.317311	调	6.214608
1.000000	0.317311	亿逆	6.214608
1.000000	0.317311	中国银行	6.214608
1.000000	0.317311	质押	6.214608
1.000000	0.317311	下半月	6.214608
1.000000	0.317311	二手	6.214608
1.000000	0.317311	住宅	6.214608
1.000000	0.317311	王建军	6.214608
1.000000	0.317311	纳尔	6.214608
1.000000	0.317311	代码	6.214608
1.000000	0.317311	中通	6.214608
1.000000	0.317311	国脉	6.214608
1.000000	0.317311	发行价	6.214608
1.000000	0.317311	各就各位	6.214608
1.000000	0.317311	只待	6.214608
1.000000	0.317311	普惠	6.214608
1.000000	0.317311	陈锡文	6.214608
1.000000	0.317311	宏观调控	6.214608
1.000000	0.317311	超标	6.214608
1.000000	0.317311	排放	6.214608
1.000000	0.317311	周一	6.214608
1.000000	0.317311	新天	6.214608
1.000000	0.317311	瑞声	6.214608
1.000000	0.317311	逐步回归	6.214608
1.000000	0.317311	理性	6.214608
1.000000	0.317311	VOCs	6.214608
1.000000	0.317311	工序	6.214608
1.000000	0.317311	婴幼儿	6.214608
1.000000	0.317311	配方	6.214608
1.000000	0.317311	食药监	6.214608
1.000000	0.317311	总局	6.214608
1.000000	0.317311	顶层	6.214608
1.000000	0.317311	贾康	6.214608
1.000000	0.317311	财税	6.214608
1.000000	0.317311	配套改革	6.214608
1.000000	0.317311	深水	6.214608
1.000000	0.317311	区	6.214608
1.000000	0.317311	冲破	6.214608
1.000000	0.317311	固化	6.214608
1.000000	0.317311	藩篱	6.214608
1.000000	0.317311	主体	6.214608
1.000000	0.317311	会同	6.214608
1.000000	0.317311	印发	6.214608
1.000000	0.317311	衔接	6.214608
1.000000	0.317311	深深房	6.214608
1.000000	0.317311	船舶	6.214608
1.000000	0.317311	LNG	6.214608
1.000000	0.317311	唐	6.214608
1.000000	0.317311	某博	6.214608
1.000000	0.317311	非法	6.214608
1.000000	0.317311	收盘价	6.214608
1.000000	0.317311	创势翔	6.214608
1.000000	0.317311	KUKA	6.214608
1.000000	0.317311	转播权	6.214608
1.000000	0.317311	转播	6.214608
1.000000	0.317311	窄带	6.214608
1.000000	0.317311	启用	6.214608
1.000000	0.317311	轿车	6.214608
1.000000	0.317311	红旗	6.214608
1.000000	0.317311	拟将	6.214608
1.000000	0.317311	扶贫办	6.214608
1.000000	0.317311	奉节县	6.214608
1.000000	0.317311	中基协	6.214608
1.000000	0.317311	过户	6.214608
1.000000	0.317311	人保	6.214608
1.000000	0.317311	科技股份	6.214608
1.000000	0.317311	实控	6.214608
1.000000	0.317311	减缓	6.214608
1.000000	0.317311	暴风	6.214608
1.000000	0.317311	版本	6.214608
1.000000	0.317311	竞争对手	6.214608
1.000000	0.317311	离职	6.214608
1.000000	0.317311	深圳华强	6.214608
1.000000	0.317311	升鸿	6.214608
1.000000	0.317311	搜房网	6.214608
1.000000	0.317311	美东	6.214608
1.000000	0.317311	引进	6.214608
1.000000	0.317311	自由度	6.214608
1.000000	0.317311	纠缠	6.214608
1.000000	0.317311	DCS	6.214608
1.000000	0.317311	宝光	6.214608
1.000000	0.317311	西藏	6.214608
1.000000	0.317311	面部	6.214608
1.000000	0.317311	识别	6.214608
1.000000	0.317311	遭	6.214608
1.000000	0.317311	长江	6.214608
1.000000	0.317311	设施	6.214608
1.000000	0.317311	药物	6.214608
1.000000	0.317311	上诉	6.214608
1.000000	0.317311	依靠	6.214608
1.000000	0.317311	彭博	6.214608
1.000000	0.317311	否决	6.214608
1.000000	0.317311	滑轮	6.214608
1.000000	0.317311	铁质	6.214608
1.000000	0.317311	高速	6.214608
1.000000	0.317311	民间	6.214608
1.000000	0.317311	红利	6.214608
1.000000	0.317311	后少	6.214608
1.000000	0.317311	特惠关税	6.214608
1.000000	0.317311	英特尔	6.214608
1.000000	0.317311	穿戴	6.214608
1.000000	0.317311	准备金率	6.214608
1.000000	0.317311	呼吁	6.214608
1.000000	0.317311	自贸区	6.214608
1.000000	0.317311	工商	6.214608
1.000000	0.317311	理事会	6.214608
1.000000	0.317311	优选	6.214608
1.000000	0.317311	资本化	6.214608
1.000000	0.317311	化	6.214608
1.000000	0.317311	亚太地区	6.214608
1.000000	0.317311	宏观经济	6.214608
1.000000	0.317311	文化	6.214608
1.000000	0.317311	修订	6.214608
1.000000	0.317311	麦克拉伦	6.214608
1.000000	0.317311	农业部	6.214608
1.000000	0.317311	总面积	6.214608
1.000000	0.317311	双季	6.214608
1.000000	0.317311	双刃剑	6.214608
1.000000	0.317311	刘云山	6.214608
1.000000	0.317311	甘肃	6.214608
1.000000	0.317311	项	6.214608
1.000000	0.317311	不可逆转	6.214608
1.000000	0.317311	加码	6.214608
1.000000	0.317311	蒜	6.214608
1.000000	0.317311	狠	6.214608
1.000000	0.317311	蒜价	6.214608
1.000000	0.317311	飙升	6.214608
1.000000	0.317311	一手	6.214608
1.000000	0.317311	起诉	6.214608
1.000000	0.317311	朴槿惠	6.214608
1.000000	0.317311	亲信	6.214608
1.000000	0.317311	干政	6.214608
1.000000	0.317311	荒在	6.214608
1.000000	0.317311	摄像头	6.214608
1.000000	0.317311	光学	6.214608
1.000000	0.317311	外资	6.214608
1.000000	0.317311	硅谷	6.214608
1.000000	0.317311	科技界	6.214608
1.000000	0.317311	魏伟	6.214608
1.000000	0.317311	普京	6.214608
1.000000	0.317311	估计	6.214608
1.000000	0.317311	爱	6.214608
1.000000	0.317311	我家	6.214608
1.000000	0.317311	销售额	6.214608
1.000000	0.317311	浙江省	6.214608
1.000000	0.317311	走向	6.214608
1.000000	0.317311	建委	6.214608
1.000000	0.317311	外环线	6.214608
1.000000	0.317311	票交所	6.214608
1.000000	0.317311	上线	6.214608
1.000000	0.317311	陈	6.214608
1.000000	0.317311	雨露	6.214608
1.000000	0.317311	协调	6.214608
1.000000	0.317311	处置	6.214608
1.000000	0.317311	低利率	6.214608
1.000000	0.317311	通讯	6.214608
1.000000	0.317311	新股	6.214608
1.000000	0.317311	神器	6.214608
1.000000	0.317311	委外	6.214608
1.000000	0.317311	柴油	6.214608
1.000000	0.317311	每个	6.214608
1.000000	0.317311	保监会	6.214608
1.000000	0.317311	罗胜	6.214608
1.000000	0.317311	保险业	6.214608
1.000000	0.317311	网络安全	6.214608
1.000000	0.317311	处理	6.214608
1.000000	0.317311	现象	6.214608
1.000000	0.317311	熟练工	6.214608
1.000000	0.317311	技能	6.214608
1.000000	0.317311	匹配	6.214608
1.000000	0.317311	兼顾	6.214608
1.000000	0.317311	不堪	6.214608
1.000000	0.317311	清楚	6.214608
1.000000	0.317311	性	6.214608
1.000000	0.317311	避税	6.214608
1.000000	0.317311	有失公允	6.214608
1.000000	0.317311	Ichan	6.214608
1.000000	0.317311	本应	6.214608
1.000000	0.317311	联盟	6.214608
1.000000	0.317311	第六个	6.214608
1.000000	0.317311	金融股	6.214608
1.000000	0.317311	提振非	6.214608
1.000000	0.317311	类股	6.214608
1.000000	0.317311	总统大选	6.214608
1.000000	0.317311	不改	6.214608
1.000000	0.317311	最适	6.214608
1.000000	0.317311	无限量	6.214608
1.000000	0.317311	差异	6.214608
1.000000	0.317311	高度	6.214608
1.000000	0.317311	非常规	6.214608
1.000000	0.317311	时应	6.214608
1.000000	0.317311	现时	6.214608
1.000000	0.317311	未见	6.214608
1.000000	0.317311	类似	6.214608
1.000000	0.317311	年代	6.214608
1.000000	0.317311	末	6.214608
1.000000	0.317311	本世纪初	6.214608
1.000000	0.317311	单靠	6.214608
1.000000	0.317311	新政府	6.214608
1.000000	0.317311	显现	6.214608
1.000000	0.317311	不算什么	6.214608
1.000000	0.317311	归类	6.214608
1.000000	0.317311	负面影响	6.214608
1.000000	0.317311	朝不保夕	6.214608
1.000000	0.317311	期货交易	6.214608
1.000000	0.317311	天数	6.214608
1.000000	0.317311	演讲稿	6.214608
1.000000	0.317311	贸易壁垒	6.214608
1.000000	0.317311	Moscovici	6.214608
1.000000	0.317311	巩固	6.214608
1.000000	0.317311	安永	6.214608
1.000000	0.317311	Martin	6.214608
1.000000	0.317311	Beck	6.214608
1.000000	0.317311	OBR	6.214608
1.000000	0.317311	侵蚀	6.214608
1.000000	0.317311	税收	6.214608
1.000000	0.317311	党	6.214608
1.000000	0.317311	McDonnell	6.214608
1.000000	0.317311	托利党	6.214608
1.000000	0.317311	伤及	6.214608
1.000000	0.317311	BBC	6.214608
1.000000	0.317311	期等	6.214608
1.000000	0.317311	得出	6.214608
1.000000	0.317311	结论	6.214608
1.000000	0.317311	边界	6.214608
1.000000	0.317311	不容	6.214608
1.000000	0.317311	阻力位	6.214608
1.000000	0.317311	锚定	6.214608
1.000000	0.317311	长期投资	6.214608
1.000000	0.317311	回馈	6.214608
1.000000	0.317311	下一代	6.214608
1.000000	0.317311	充满	6.214608
1.000000	0.317311	抱负	6.214608
1.000000	0.317311	正是	6.214608
1.000000	0.317311	怀有	6.214608
1.000000	0.317311	例证	6.214608
1.000000	0.317311	理解	6.214608
1.000000	0.317311	限额	6.214608
1.000000	0.317311	本届	6.214608
1.000000	0.317311	内阁	6.214608
1.000000	0.317311	税	6.214608
1.000000	0.317311	税率	6.214608
1.000000	0.317311	说法	6.214608
1.000000	0.317311	邀请	6.214608
1.000000	0.317311	国事访问	6.214608
1.000000	0.317311	事	6.214608
1.000000	0.317311	独力	6.214608
1.000000	0.317311	宏观政策	6.214608
1.000000	0.317311	仅限于	6.214608
1.000000	0.317311	寻常	6.214608
1.000000	0.317311	围绕	6.214608
1.000000	0.317311	合理	6.214608
1.000000	0.317311	获胜	6.214608
1.000000	0.317311	身份	6.214608
1.000000	0.317311	注意	6.214608
1.000000	0.317311	原则	6.214608
1.000000	0.317311	现行	6.214608
1.000000	0.317311	一条	6.214608
1.000000	0.317311	挑三拣四	6.214608
1.000000	0.317311	贸易谈判	6.214608
1.000000	0.317311	不动	6.214608
1.000000	0.317311	考量	6.214608
1.000000	0.317311	专注	6.214608
1.000000	0.317311	贸易战	6.214608
1.000000	0.317311	危险	6.214608
1.000000	0.317311	高比	6.214608
1.000000	0.317311	低要	6.214608
1.000000	0.317311	迷惑	6.214608
1.000000	0.317311	一大	6.214608
1.000000	0.317311	生产性	6.214608
1.000000	0.317311	投资率	6.214608
1.000000	0.317311	承担	6.214608
1.000000	0.317311	仅凭	6.214608
1.000000	0.317311	不足以	6.214608
1.000000	0.317311	化解	6.214608
1.000000	0.317311	Nouy	6.214608
1.000000	0.317311	为期	6.214608
1.000000	0.317311	第一天	6.214608
1.000000	0.317311	与会	6.214608
1.000000	0.317311	衡量	6.214608
1.000000	0.317311	缓和	6.214608
1.000000	0.317311	长期性	6.214608
1.000000	0.317311	福岛	6.214608
1.000000	0.317311	级	6.214608
1.000000	0.317311	地震	6.214608
1.000000	0.317311	纽市	6.214608
1.000000	0.317311	追捧	6.214608
1.000000	0.317311	用于	6.214608
1.000000	0.317311	CurrencyShares	6.214608
1.000000	0.317311	British	6.214608
1.000000	0.317311	Pound	6.214608
1.000000	0.317311	Sterling	6.214608
1.000000	0.317311	Trust	6.214608
1.000000	0.317311	迈向	6.214608
1.000000	0.317311	动能	6.214608
1.000000	0.317311	持续性	6.214608
1.000000	0.317311	压制	6.214608
1.000000	0.317311	迄今为止	6.214608
1.000000	0.317311	规律	6.214608
1.000000	0.317311	对财	6.214608
1.000000	0.317311	已有	6.214608
1.000000	0.317311	亏损	6.214608
1.000000	0.317311	QQE	6.214608
1.000000	0.317311	明显改善	6.214608
1.000000	0.317311	当时	6.214608
1.000000	0.317311	Verhofstadt	6.214608
1.000000	0.317311	选举	6.214608
1.000000	0.317311	窗口	6.214608
1.000000	0.317311	AIG	6.214608
1.000000	0.317311	欧洲地区	6.214608
1.000000	0.317311	总部	6.214608
1.000000	0.317311	迁至	6.214608
1.000000	0.317311	FEDWATCH	6.214608
1.000000	0.317311	交易员	6.214608
1.000000	0.317311	点标	6.214608
1.000000	0.317311	普涨	6.214608
1.000000	0.317311	势能	6.214608
1.000000	0.317311	市场需求	6.214608
1.000000	0.317311	日涨	6.214608
1.000000	0.317311	日为	6.214608
1.000000	0.317311	钯	6.214608
1.000000	0.317311	已涨	6.214608
1.000000	0.317311	十七个	6.214608
1.000000	0.317311	就职	6.214608
1.000000	0.317311	两名	6.214608
1.000000	0.317311	新人	6.214608
1.000000	0.317311	指史	6.214608
1.000000	0.317311	四大	6.214608
1.000000	0.317311	再创新高	6.214608
1.000000	0.317311	大指	6.214608
1.000000	0.317311	大关	6.214608
1.000000	0.317311	警惕	6.214608
1.000000	0.317311	麻烦	6.214608
1.000000	0.317311	渡过难关	6.214608
1.000000	0.317311	终结	6.214608
1.000000	0.317311	量化	6.214608
1.000000	0.317311	回流	6.214608
1.000000	0.317311	轻则	6.214608
1.000000	0.317311	资本外逃	6.214608
1.000000	0.317311	失血	6.214608
1.000000	0.317311	经济危机	6.214608
1.000000	0.317311	实力	6.214608
1.000000	0.317311	低下	6.214608
1.000000	0.317311	迫切	6.214608
1.000000	0.317311	财政纪律	6.214608
1.000000	0.317311	耐	6.214608
1.000000	0.317311	以往	6.214608
1.000000	0.317311	流	6.214608
1.000000	0.317311	逐渐	6.214608
1.000000	0.317311	摆脱	6.214608
1.000000	0.317311	能源业	6.214608
1.000000	0.317311	制造商	6.214608
1.000000	0.317311	凌晨	6.214608
1.000000	0.317311	凸显	6.214608
1.000000	0.317311	交易额	6.214608
1.000000	0.317311	降	6.214608
1.000000	0.317311	四个	6.214608
1.000000	0.317311	按揭	6.214608
1.000000	0.317311	指低	6.214608
1.000000	0.317311	开高	6.214608
1.000000	0.317311	八个	6.214608
1.000000	0.317311	命悬	6.214608
1.000000	0.317311	收率	6.214608
1.000000	0.317311	期银	6.214608
1.000000	0.317311	跌入	6.214608
1.000000	0.317311	熊市	6.214608
1.000000	0.317311	CO	6.214608
1.000000	0.317311	与非	6.214608
1.000000	0.317311	适宜	6.214608
1.000000	0.317311	辩称	6.214608
1.000000	0.317311	信誉	6.214608
1.000000	0.317311	需求面	6.214608
1.000000	0.317311	贝	6.214608
1.000000	0.317311	伦贝格	6.214608
1.000000	0.317311	Kallum	6.214608
1.000000	0.317311	Pickering	6.214608
1.000000	0.317311	不列颠	6.214608
1.000000	0.317311	约合	6.214608
1.000000	0.317311	Leav	6.214608
1.000000	0.317311	指及	6.214608
1.000000	0.317311	靓丽	6.214608
1.000000	0.317311	数月	6.214608
1.000000	0.317311	直到	6.214608
1.000000	0.317311	政策措施	6.214608
1.000000	0.317311	评估所	6.214608
1.000000	0.317311	中以	6.214608
1.000000	0.317311	任何理由	6.214608
1.000000	0.317311	更好	6.214608
1.000000	0.317311	确凿	6.214608
1.000000	0.317311	鼓舞	6.214608
1.000000	0.317311	破产	6.214608
1.000000	0.317311	仍停留	6.214608
1.000000	0.317311	疲劳	6.214608
1.000000	0.317311	症	6.214608
1.000000	0.317311	中正	6.214608
1.000000	0.317311	类别	6.214608
1.000000	0.317311	第一阶段	6.214608
1.000000	0.317311	早期	6.214608
1.000000	0.317311	边境	6.214608
1.000000	0.317311	续创	6.214608
1.000000	0.317311	闪跌	6.214608
1.000000	0.317311	第三天	6.214608
1.000000	0.317311	星期五	6.214608
1.000000	0.317311	上半年	6.214608
1.000000	0.317311	优势	6.214608
1.000000	0.317311	积存	6.214608
1.000000	0.317311	Kenny	6.214608
1.000000	0.317311	记录	6.214608
1.000000	0.317311	公用事业	6.214608
1.000000	0.317311	替代性	6.214608
1.000000	0.317311	期金期	6.214608
1.000000	0.317311	第一周	6.214608
1.000000	0.317311	卖盘	6.214608
1.000000	0.317311	休假	6.214608
1.000000	0.317311	第三周	6.214608
1.000000	0.317311	元创	6.214608
1.000000	0.317311	易纲	6.214608
1.000000	0.317311	易纲称	6.214608
1.000000	0.317311	分钟	6.214608
1.000000	0.317311	内跌	6.214608
1.000000	0.317311	OECD	6.214608
1.000000	0.317311	上修	6.214608
1.000000	0.317311	逐	6.214608
1.000000	0.317311	经济区	6.214608
1.000000	0.317311	五日	6.214608
1.000000	0.317311	先前	6.214608
1.000000	0.317311	稳步	6.214608
1.000000	0.317311	归功于	6.214608
1.000000	0.317311	企业债	6.214608
1.000000	0.317311	灵活性	6.214608
1.000000	0.317311	委员	6.214608
1.000000	0.317311	Vieghe	6.214608
1.000000	0.317311	经济波动	6.214608
1.000000	0.317311	ABS	6.214608
1.000000	0.317311	挣脱	6.214608
1.000000	0.317311	美股助	6.214608
1.000000	0.317311	两连阴	6.214608
1.000000	0.317311	同样	6.214608
1.000000	0.317311	潮势	6.214608
1.000000	0.317311	衰	6.214608
1.000000	0.317311	力竭	6.214608
1.000000	0.317311	Katainen	6.214608
1.000000	0.317311	成绩	6.214608
1.000000	0.317311	值好	6.214608
1.000000	0.317311	值速评	6.214608
1.000000	0.317311	节前	6.214608
1.000000	0.317311	传导	6.214608
1.000000	0.317311	一事	6.214608
1.000000	0.317311	讨价还价	6.214608
1.000000	0.317311	太慢	6.214608
1.000000	0.317311	稳步增长	6.214608
1.000000	0.317311	部	6.214608
1.000000	0.317311	面	6.214608
1.000000	0.317311	服务型	6.214608
1.000000	0.317311	数目	6.214608
1.000000	0.317311	保持一致	6.214608
1.000000	0.317311	年料	6.214608
1.000000	0.317311	买盘	6.214608
1.000000	0.317311	难逃	6.214608
1.000000	0.317311	悲惨遭遇	6.214608
1.000000	0.317311	迄今已	6.214608
1.000000	0.317311	卡尼称	6.214608
1.000000	0.317311	转化	6.214608
1.000000	0.317311	现实	6.214608
1.000000	0.317311	有序性	6.214608
1.000000	0.317311	花	6.214608
1.000000	0.317311	抑制	6.214608
1.000000	0.317311	ADP	6.214608
1.000000	0.317311	就业人数	6.214608
1.000000	0.317311	个人收入	6.214608
1.000000	0.317311	创约	6.214608
1.000000	0.317311	点报	6.214608
1.000000	0.317311	表述	6.214608
1.000000	0.317311	运用	6.214608
1.000000	0.317311	税金	6.214608
1.000000	0.317311	软化	6.214608
1.000000	0.317311	周首申	6.214608
1.000000	0.317311	换取	6.214608
1.000000	0.317311	营建	6.214608
1.000000	0.317311	好转	6.214608
1.000000	0.317311	三年期	6.214608
1.000000	0.317311	颓势	6.214608
1.000000	0.317311	私营部门	6.214608
1.000000	0.317311	就业人口	6.214608
1.000000	0.317311	近两年来	6.214608
1.000000	0.317311	演讲	6.214608
1.000000	0.317311	中未	6.214608
1.000000	0.317311	提到	6.214608
1.000000	0.317311	Fintech	6.214608
1.000000	0.317311	率报	6.214608
1.000000	0.317311	BBA	6.214608
1.000000	0.317311	须	6.214608
1.000000	0.317311	磋商	6.214608
1.000000	0.317311	撤出	6.214608
1.000000	0.317311	年降	6.214608
1.000000	0.317311	Tarullo	6.214608
1.000000	0.317311	倒退	6.214608
1.000000	0.317311	很快	6.214608
1.000000	0.317311	债转股	6.214608
1.000000	0.317311	外国	6.214608
1.000000	0.317311	分支	6.214608
1.000000	0.317311	外媒	6.214608
1.000000	0.317311	特雷莎	6.214608
1.000000	0.317311	梅	6.214608
1.000000	0.317311	安全措施	6.214608
1.000000	0.317311	泄露	6.214608
1.000000	0.317311	兑瑞郎	6.214608
1.000000	0.317311	盘初	6.214608
1.000000	0.317311	转涨	6.214608
1.000000	0.317311	曾	6.214608
1.000000	0.317311	Fox	6.214608
1.000000	0.317311	胜诉	6.214608
1.000000	0.317311	权力	6.214608
1.000000	0.317311	拱手让人	6.214608
1.000000	0.317311	反对党	6.214608
1.000000	0.317311	一项	6.214608
1.000000	0.317311	修正案	6.214608
1.000000	0.317311	确定性	6.214608
1.000000	0.317311	重新启动	6.214608
1.000000	0.317311	Cunliff	6.214608
1.000000	0.317311	破产法	6.214608
1.000000	0.317311	保住	6.214608
1.000000	0.317311	枢纽	6.214608
1.000000	0.317311	地位	6.214608
1.000000	0.317311	提供商	6.214608
1.000000	0.317311	Koenig	6.214608
1.000000	0.317311	条后	6.214608
1.000000	0.317311	卡尼	6.214608
1.000000	0.317311	对超	6.214608
1.000000	0.317311	容忍度	6.214608
1.000000	0.317311	有限	6.214608
1.000000	0.317311	减速	6.214608
1.000000	0.317311	恐令	6.214608
1.000000	0.317311	升温	6.214608
1.000000	0.317311	COME	6.214608
1.000000	0.317311	吸纳	6.214608
1.000000	0.317311	布拉德	6.214608
1.000000	0.317311	合乎	6.214608
1.000000	0.317311	时宜	6.214608
1.000000	0.317311	巨大变化	6.214608
1.000000	0.317311	最小化	6.214608
1.000000	0.317311	干扰	6.214608
1.000000	0.317311	缴纳	6.214608
1.000000	0.317311	解决方案	6.214608
1.000000	0.317311	只会	6.214608
1.000000	0.317311	伦	6.214608
1.000000	0.317311	需在	6.214608
1.000000	0.317311	Barnier	6.214608
1.000000	0.317311	接收	6.214608
1.000000	0.317311	发出	6.214608
1.000000	0.317311	书面通知	6.214608
1.000000	0.317311	短	6.214608
1.000000	0.317311	发出通知	6.214608
1.000000	0.317311	几周	6.214608
1.000000	0.317311	令退	6.214608
1.000000	0.317311	时间跨度	6.214608
1.000000	0.317311	外交大臣	6.214608
1.000000	0.317311	Johnson	6.214608
1.000000	0.317311	资	6.214608
1.000000	0.317311	工党	6.214608
1.000000	0.317311	重大进展	6.214608
1.000000	0.317311	轮廓	6.214608
1.000000	0.317311	遵守	6.214608
1.000000	0.317311	捆绑	6.214608
1.000000	0.317311	改	6.214608
1.000000	0.317311	金市	6.214608
1.000000	0.317311	两日	6.214608
1.000000	0.317311	中几无	6.214608
1.000000	0.317311	欧美	6.214608
1.000000	0.317311	一笔	6.214608
1.000000	0.317311	分	6.214608
1.000000	0.317311	突然	6.214608
1.000000	0.317311	交易价格	6.214608
1.000000	0.317311	跌去	6.214608
1.000000	0.317311	偏离	6.214608
1.000000	0.317311	后经	6.214608
1.000000	0.317311	该笔	6.214608
1.000000	0.317311	下议院	6.214608
1.000000	0.317311	枢密院	6.214608
1.000000	0.317311	议长	6.214608
1.000000	0.317311	Lidington	6.214608
1.000000	0.317311	等同于	6.214608
1.000000	0.317311	展开	6.214608
1.000000	0.317311	想象	6.214608
1.000000	0.317311	JOLTS	6.214608
1.000000	0.317311	跳升	6.214608
1.000000	0.317311	生物医药	6.214608
1.000000	0.317311	失	6.214608
1.000000	0.317311	电信	6.214608
1.000000	0.317311	两连跌	6.214608
1.000000	0.317311	朝向	6.214608
1.000000	0.317311	正确	6.214608
1.000000	0.317311	涨约	6.214608
1.000000	0.317311	低水平	6.214608
1.000000	0.317311	原先	6.214608
1.000000	0.317311	权限	6.214608
1.000000	0.317311	令人信服	6.214608
1.000000	0.317311	能源价格	6.214608
1.000000	0.317311	视	6.214608
1.000000	0.317311	而异	6.214608
1.000000	0.317311	消散	6.214608
1.000000	0.317311	犹存	6.214608
1.000000	0.317311	月度	6.214608
1.000000	0.317311	保持稳定	6.214608
1.000000	0.317311	尚无	6.214608
1.000000	0.317311	Nowotny	6.214608
1.000000	0.317311	容易	6.214608
1.000000	0.317311	律师	6.214608
1.000000	0.317311	首相	6.214608
1.000000	0.317311	三分之一	6.214608
1.000000	0.317311	Preqin	6.214608
1.000000	0.317311	名	6.214608
1.000000	0.317311	次日	6.214608
1.000000	0.317311	欧债	6.214608
1.000000	0.317311	刷	6.214608
1.000000	0.317311	欧股	6.214608
1.000000	0.317311	减	6.214608
1.000000	0.317311	称如	6.214608
1.000000	0.317311	注	6.214608
1.000000	0.317311	在此期间	6.214608
1.000000	0.317311	Knot	6.214608
1.000000	0.317311	趋同性	6.214608
1.000000	0.317311	现涨	6.214608
1.000000	0.317311	支持率	6.214608
1.000000	0.317311	后续	6.214608
1.000000	0.317311	发出信号	6.214608
1.000000	0.317311	迫切需要	6.214608
1.000000	0.317311	领	6.214608
1.000000	0.317311	至约	6.214608
1.000000	0.317311	周至	6.214608
1.000000	0.317311	岁末	6.214608
1.000000	0.317311	C	6.214608
1.000000	0.317311	涨向	6.214608
1.000000	0.317311	恐惧症	6.214608
1.000000	0.317311	五周	6.214608
1.000000	0.317311	期美	6.214608
1.000000	0.317311	适量	6.214608
1.000000	0.317311	消失	6.214608
1.000000	0.317311	发行人	6.214608
1.000000	0.317311	第二代	6.214608
1.000000	0.317311	泛欧	6.214608
1.000000	0.317311	实时	6.214608
1.000000	0.317311	全额	6.214608
1.000000	0.317311	自动	6.214608
1.000000	0.317311	反映	6.214608
1.000000	0.317311	金融中心	6.214608
1.000000	0.317311	引发	6.214608
1.000000	0.317311	模糊	6.214608
1.000000	0.317311	界限	6.214608
1.000000	0.317311	澳元兑	6.214608
1.000000	0.317311	CLS	6.214608
1.000000	0.317311	外汇	6.214608
1.000000	0.317311	增至	6.214608
1.000000	0.317311	外汇交易	6.214608
1.000000	0.317311	在短期内	6.214608
1.000000	0.317311	但会	6.214608
1.000000	0.317311	压抑	6.214608
1.000000	0.317311	商界	6.214608
1.000000	0.317311	政治家	6.214608
1.000000	0.317311	关税同盟	6.214608
1.000000	0.317311	司法	6.214608
1.000000	0.317311	万名	6.214608
1.000000	0.317311	权利	6.214608
1.000000	0.317311	微涨	6.214608
1.000000	0.317311	Hasson	6.214608
1.000000	0.317311	Makuch	6.214608
1.000000	0.317311	视作	6.214608
1.000000	0.317311	绝大多数	6.214608
1.000000	0.317311	迁往	6.214608
1.000000	0.317311	仅剩	6.214608
1.000000	0.317311	继标	6.214608
1.000000	0.317311	普和道	6.214608
1.000000	0.317311	仅差	6.214608
1.000000	0.317311	指收涨	6.214608
1.000000	0.317311	试探	6.214608
1.000000	0.317311	标债	6.214608
1.000000	0.317311	中断	6.214608
1.000000	0.317311	障碍	6.214608
1.000000	0.317311	事宜	6.214608
1.000000	0.317311	破坏	6.214608
1.000000	0.317311	使用率	6.214608
1.000000	0.317311	Woods	6.214608
1.000000	0.317311	尤为重要	6.214608
1.000000	0.317311	拿出	6.214608
1.000000	0.317311	过渡性	6.214608
1.000000	0.317311	一刻钟	6.214608
1.000000	0.317311	交易商	6.214608
1.000000	0.317311	若干	6.214608
1.000000	0.317311	预设	6.214608
1.000000	0.317311	中值	6.214608
1.000000	0.317311	非常低	6.214608
1.000000	0.317311	很小	6.214608
1.000000	0.317311	信任票	6.214608
1.000000	0.317311	重拾	6.214608
1.000000	0.317311	充分就业	6.214608
1.000000	0.317311	考	6.214608
1.000000	0.317311	高压	6.214608
1.000000	0.317311	职责	6.214608
1.000000	0.317311	政权	6.214608
1.000000	0.317311	特	6.214608
1.000000	0.317311	承认	6.214608
1.000000	0.317311	扩张性	6.214608
1.000000	0.317311	有意	6.214608
1.000000	0.317311	担任	6.214608
1.000000	0.317311	一职	6.214608
1.000000	0.317311	任期	6.214608
1.000000	0.317311	届满	6.214608
1.000000	0.317311	意识	6.214608
1.000000	0.317311	去留	6.214608
1.000000	0.317311	恰如其分	6.214608
1.000000	0.317311	前提条件	6.214608
1.000000	0.317311	进	6.214608
1.000000	0.317311	重申	6.214608
1.000000	0.317311	假以时日	6.214608
1.000000	0.317311	硬性规定	6.214608
1.000000	0.317311	韩元	6.214608
1.000000	0.317311	仓位	6.214608
1.000000	0.317311	会晤	6.214608
1.000000	0.317311	区域	6.214608
1.000000	0.317311	金跌	6.214608
1.000000	0.317311	二月	6.214608
1.000000	0.317311	最低点	6.214608
1.000000	0.317311	已跌超	6.214608
1.000000	0.317311	四月	6.214608
1.000000	0.317311	燃料	6.214608
1.000000	0.317311	充当	6.214608
1.000000	0.317311	主动力	6.214608
1.000000	0.317311	原本	6.214608
1.000000	0.317311	分项	6.214608
1.000000	0.317311	标普涨	6.214608
1.000000	0.317311	抵押品	6.214608
1.000000	0.317311	可用	6.214608
1.000000	0.317311	有所增加	6.214608
1.000000	0.317311	铂金	6.214608
1.000000	0.317311	告知	6.214608
1.000000	0.317311	糟糕	6.214608
1.000000	0.317311	Tusk	6.214608
1.000000	0.317311	程序性	6.214608
1.000000	0.317311	三天	6.214608
1.000000	0.317311	连降	6.214608
1.000000	0.317311	欧会	6.214608
1.000000	0.317311	推迟	6.214608
1.000000	0.317311	所能	6.214608
1.000000	0.317311	审慎	6.214608
1.000000	0.317311	协作	6.214608
1.000000	0.317311	施压	6.214608
1.000000	0.317311	有用	6.214608
1.000000	0.317311	动	6.214608
1.000000	0.317311	循序渐进	6.214608
1.000000	0.317311	次数	6.214608
1.000000	0.317311	couple	6.214608
1.000000	0.317311	of	6.214608
1.000000	0.317311	years	6.214608
1.000000	0.317311	知晓	6.214608
1.000000	0.317311	长时间	6.214608
1.000000	0.317311	Lane	6.214608
1.000000	0.317311	裁定	6.214608
1.000000	0.317311	行事	6.214608
1.000000	0.317311	点收	6.214608
1.000000	0.317311	生活	6.214608
1.000000	0.317311	趋于稳定	6.214608
1.000000	0.317311	每次	6.214608
1.000000	0.317311	减税	6.214608
1.000000	0.317311	纳税	6.214608
1.000000	0.317311	转移	6.214608
1.000000	0.317311	旧金山	6.214608
1.000000	0.317311	论文	6.214608
1.000000	0.317311	措辞	6.214608
1.000000	0.317311	区别	6.214608
1.000000	0.317311	抹	6.214608
1.000000	0.317311	私人	6.214608
1.000000	0.317311	造访	6.214608
1.000000	0.317311	并称	6.214608
1.000000	0.317311	外长	6.214608
1.000000	0.317311	产油国	6.214608
1.000000	0.317311	进口国	6.214608
1.000000	0.317311	发推文称	6.214608
1.000000	0.317311	NTAP	6.214608
1.000000	0.317311	NetApp	6.214608
1.000000	0.317311	狂升	6.214608
1.000000	0.317311	日后	6.214608
1.000000	0.317311	反转	6.214608
1.000000	0.317311	TOPS	6.214608
1.000000	0.317311	JODI	6.214608
1.000000	0.317311	开采量	6.214608
1.000000	0.317311	同期	6.214608
1.000000	0.317311	股价指数	6.214608
1.000000	0.317311	SPWR	6.214608
1.000000	0.317311	太阳能	6.214608
1.000000	0.317311	SunPower	6.214608
1.000000	0.317311	Baird	6.214608
1.000000	0.317311	透明	6.214608
1.000000	0.317311	组成部分	6.214608
1.000000	0.317311	布局	6.214608
1.000000	0.317311	诚通	6.214608
1.000000	0.317311	五矿	6.214608
1.000000	0.317311	年前	6.214608
1.000000	0.317311	WCG	6.214608
1.000000	0.317311	UAM	6.214608
1.000000	0.317311	保险公司	6.214608
1.000000	0.317311	American	6.214608
1.000000	0.317311	Am	6.214608
1.000000	0.317311	ACRS	6.214608
1.000000	0.317311	生物制药	6.214608
1.000000	0.317311	Aclaris	6.214608
1.000000	0.317311	Therapeutics	6.214608
1.000000	0.317311	主持	6.214608
1.000000	0.317311	不上	6.214608
1.000000	0.317311	炼油	6.214608
1.000000	0.317311	煤化工	6.214608
1.000000	0.317311	PLCE	6.214608
1.000000	0.317311	童装	6.214608
1.000000	0.317311	Children	6.214608
1.000000	0.317311	s	6.214608
1.000000	0.317311	Place	6.214608
1.000000	0.317311	受惠	6.214608
1.000000	0.317311	客流	6.214608
1.000000	0.317311	增多	6.214608
1.000000	0.317311	期铝收	6.214608
1.000000	0.317311	期锡收涨	6.214608
1.000000	0.317311	高估	6.214608
1.000000	0.317311	依法查处	6.214608
1.000000	0.317311	预售	6.214608
1.000000	0.317311	通告	6.214608
1.000000	0.317311	掀开	6.214608
1.000000	0.317311	大幕	6.214608
1.000000	0.317311	特定	6.214608
1.000000	0.317311	ADNT	6.214608
1.000000	0.317311	MU	6.214608
1.000000	0.317311	RECN	6.214608
1.000000	0.317311	NMBL	6.214608
1.000000	0.317311	GTT	6.214608
1.000000	0.317311	EVBG	6.214608
1.000000	0.317311	LPLA	6.214608
1.000000	0.317311	FMCC	6.214608
1.000000	0.317311	FNMA	6.214608
1.000000	0.317311	在线	6.214608
1.000000	0.317311	信用卡	6.214608
1.000000	0.317311	美国财政部	6.214608
1.000000	0.317311	标	6.214608
1.000000	0.317311	投标	6.214608
1.000000	0.317311	油盘	6.214608
1.000000	0.317311	日期	6.214608
1.000000	0.317311	预料之中	6.214608
1.000000	0.317311	NFLX	6.214608
1.000000	0.317311	奈飞	6.214608
1.000000	0.317311	亚马逊	6.214608
1.000000	0.317311	流媒体	6.214608
1.000000	0.317311	MSNBC	6.214608
1.000000	0.317311	罗姆尼	6.214608
1.000000	0.317311	北美自由贸易协定	6.214608
1.000000	0.317311	NAFTA	6.214608
1.000000	0.317311	采访	6.214608
1.000000	0.317311	多名	6.214608
1.000000	0.317311	核心成员	6.214608
1.000000	0.317311	初步	6.214608
1.000000	0.317311	估算	6.214608
1.000000	0.317311	索要	6.214608
1.000000	0.317311	账单	6.214608
1.000000	0.317311	调侃	6.214608
1.000000	0.317311	最贵	6.214608
1.000000	0.317311	赡养费	6.214608
1.000000	0.317311	Gap	6.214608
1.000000	0.317311	德勤	6.214608
1.000000	0.317311	工作岗位	6.214608
1.000000	0.317311	巴西	6.214608
1.000000	0.317311	泰国	6.214608
1.000000	0.317311	优惠	6.214608
1.000000	0.317311	剔除	6.214608
1.000000	0.317311	生效	6.214608
1.000000	0.317311	救命稻草	6.214608
1.000000	0.317311	脚步	6.214608
1.000000	0.317311	临近	6.214608
1.000000	0.317311	增量	6.214608
1.000000	0.317311	颇为	6.214608
1.000000	0.317311	期待	6.214608
1.000000	0.317311	特殊性	6.214608
1.000000	0.317311	安全性	6.214608
1.000000	0.317311	第一位	6.214608
1.000000	0.317311	plus	6.214608
1.000000	0.317311	摔	6.214608
1.000000	0.317311	过多	6.214608
1.000000	0.317311	修理费	6.214608
1.000000	0.317311	补偿	6.214608
1.000000	0.317311	享有	6.214608
1.000000	0.317311	此项	6.214608
1.000000	0.317311	修理	6.214608
1.000000	0.317311	AAPL	6.214608
1.000000	0.317311	CSCO	6.214608
1.000000	0.317311	思科	6.214608
1.000000	0.317311	本季度	6.214608
1.000000	0.317311	AMAT	6.214608
1.000000	0.317311	WMT	6.214608
1.000000	0.317311	沃尔玛	6.214608
1.000000	0.317311	沥青	6.214608
1.000000	0.317311	锰	6.214608
1.000000	0.317311	硅	6.214608
1.000000	0.317311	跟风	6.214608
1.000000	0.317311	兑换	6.214608
1.000000	0.317311	格局	6.214608
1.000000	0.317311	篮子	6.214608
1.000000	0.317311	始终保持	6.214608
1.000000	0.317311	一国	6.214608
1.000000	0.317311	坚挺	6.214608
1.000000	0.317311	看其	6.214608
1.000000	0.317311	雷霆	6.214608
1.000000	0.317311	出击	6.214608
1.000000	0.317311	信托公司	6.214608
1.000000	0.317311	严阵以待	6.214608
1.000000	0.317311	银监会	6.214608
1.000000	0.317311	银监局	6.214608
1.000000	0.317311	检查报告	6.214608
1.000000	0.317311	上报	6.214608
1.000000	0.317311	严	6.214608
1.000000	0.317311	许家	6.214608
1.000000	0.317311	印增持	6.214608
1.000000	0.317311	成本上升	6.214608
1.000000	0.317311	砸	6.214608
1.000000	0.317311	收购计划	6.214608
1.000000	0.317311	最初	6.214608
1.000000	0.317311	一路上	6.214608
1.000000	0.317311	荒下	6.214608
1.000000	0.317311	虚拟	6.214608
1.000000	0.317311	比特	6.214608
1.000000	0.317311	币	6.214608
1.000000	0.317311	单价	6.214608
1.000000	0.317311	呈现	6.214608
1.000000	0.317311	市场化	6.214608
1.000000	0.317311	简政放权	6.214608
1.000000	0.317311	放管	6.214608
1.000000	0.317311	结合	6.214608
1.000000	0.317311	矿权	6.214608
1.000000	0.317311	理顺	6.214608
1.000000	0.317311	输配	6.214608
1.000000	0.317311	环节	6.214608
1.000000	0.317311	需时	6.214608
1.000000	0.317311	作	6.214608
1.000000	0.317311	几近	6.214608
1.000000	0.317311	幻灭	6.214608
1.000000	0.317311	月始	6.214608
1.000000	0.317311	骤然	6.214608
1.000000	0.317311	齐齐	6.214608
1.000000	0.317311	华	6.214608
1.000000	0.317311	KO	6.214608
1.000000	0.317311	东证	6.214608
1.000000	0.317311	势	6.214608
1.000000	0.317311	刘	6.214608
1.000000	0.317311	爱力	6.214608
1.000000	0.317311	中国移动	6.214608
1.000000	0.317311	中国联通	6.214608
1.000000	0.317311	中国电信	6.214608
1.000000	0.317311	猜想	6.214608
1.000000	0.317311	一名	6.214608
1.000000	0.317311	电信公司	6.214608
1.000000	0.317311	列入	6.214608
1.000000	0.317311	公司化	6.214608
1.000000	0.317311	级别	6.214608
1.000000	0.317311	牵涉到	6.214608
1.000000	0.317311	趋严	6.214608
1.000000	0.317311	骤降	6.214608
1.000000	0.317311	近三成	6.214608
1.000000	0.317311	金额	6.214608
1.000000	0.317311	共计	6.214608
1.000000	0.317311	审批	6.214608
1.000000	0.317311	总金额	6.214608
1.000000	0.317311	起到	6.214608
1.000000	0.317311	整合	6.214608
1.000000	0.317311	冬季	6.214608
1.000000	0.317311	袭	6.214608
1.000000	0.317311	京津冀	6.214608
1.000000	0.317311	河南	6.214608
1.000000	0.317311	河北	6.214608
1.000000	0.317311	车辆	6.214608
1.000000	0.317311	出行	6.214608
1.000000	0.317311	上个月	6.214608
1.000000	0.317311	环保部	6.214608
1.000000	0.317311	北方	6.214608
1.000000	0.317311	十五	6.214608
1.000000	0.317311	BIDU	6.214608
1.000000	0.317311	南方	6.214608
1.000000	0.317311	南航	6.214608
1.000000	0.317311	较前	6.214608
1.000000	0.317311	财经委	6.214608
1.000000	0.317311	辜胜阻	6.214608
1.000000	0.317311	天使	6.214608
1.000000	0.317311	风险投资	6.214608
1.000000	0.317311	企业信用	6.214608
1.000000	0.317311	康得	6.214608
1.000000	0.317311	裸眼	6.214608
1.000000	0.317311	实	6.214608
1.000000	0.317311	临时	6.214608
1.000000	0.317311	普通	6.214608
1.000000	0.317311	内盘	6.214608
1.000000	0.317311	原产	6.214608
1.000000	0.317311	铁基非	6.214608
1.000000	0.317311	晶	6.214608
1.000000	0.317311	合金	6.214608
1.000000	0.317311	带材	6.214608
1.000000	0.317311	反倾销税	6.214608
1.000000	0.317311	德赛	6.214608
1.000000	0.317311	Mate	6.214608
1.000000	0.317311	误传	6.214608
1.000000	0.317311	大陆	6.214608
1.000000	0.317311	至此	6.214608
1.000000	0.317311	足球	6.214608
1.000000	0.317311	下注	6.214608
1.000000	0.317311	懒熊	6.214608
1.000000	0.317311	近八年	6.214608
1.000000	0.317311	询量	6.214608
1.000000	0.317311	行业资讯	6.214608
1.000000	0.317311	耗资	6.214608
1.000000	0.317311	后者	6.214608
1.000000	0.317311	深铁	6.214608
1.000000	0.317311	BDI	6.214608
1.000000	0.317311	血腥	6.214608
1.000000	0.317311	工程建设	6.214608
1.000000	0.317311	题材	6.214608
1.000000	0.317311	举牌	6.214608
1.000000	0.317311	梅雁	6.214608
1.000000	0.317311	吉祥	6.214608
1.000000	0.317311	字头	6.214608
1.000000	0.317311	中冶	6.214608
1.000000	0.317311	选股宝	6.214608
1.000000	0.317311	由升	6.214608
1.000000	0.317311	转降	6.214608
1.000000	0.317311	因地制宜	6.214608
1.000000	0.317311	因城	6.214608
1.000000	0.317311	施策	6.214608
1.000000	0.317311	成都	6.214608
1.000000	0.317311	外	6.214608
1.000000	0.317311	新房	6.214608
1.000000	0.317311	准备就绪	6.214608
1.000000	0.317311	上次	6.214608
1.000000	0.317311	激励	6.214608
1.000000	0.317311	发生争执	6.214608
1.000000	0.317311	各执一词	6.214608
1.000000	0.317311	创纪录	6.214608
1.000000	0.317311	称恒	6.214608
1.000000	0.317311	物贸	6.214608
1.000000	0.317311	龙头	6.214608
1.000000	0.317311	高盛	6.214608
1.000000	0.317311	铁建涨	6.214608
1.000000	0.317311	中铁	6.214608
1.000000	0.317311	送	6.214608
1.000000	0.317311	园林工程	6.214608
1.000000	0.317311	申	6.214608
1.000000	0.317311	打新	6.214608
1.000000	0.317311	顶格	6.214608
1.000000	0.317311	需配	6.214608
1.000000	0.317311	市值	6.214608
1.000000	0.317311	顶	6.214608
1.000000	0.317311	晋西	6.214608
1.000000	0.317311	车轴	6.214608
1.000000	0.317311	铁建	6.214608
1.000000	0.317311	股涨	6.214608
1.000000	0.317311	多股	6.214608
1.000000	0.317311	治霾	6.214608
1.000000	0.317311	限	6.214608
1.000000	0.317311	天气	6.214608
1.000000	0.317311	夜间	6.214608
1.000000	0.317311	日到	6.214608
1.000000	0.317311	主城区	6.214608
1.000000	0.317311	机动车	6.214608
1.000000	0.317311	单双	6.214608
1.000000	0.317311	号	6.214608
1.000000	0.317311	限行	6.214608
1.000000	0.317311	大行	6.214608
1.000000	0.317311	发令枪	6.214608
1.000000	0.317311	响	6.214608
1.000000	0.317311	几天	6.214608
1.000000	0.317311	万事俱备	6.214608
1.000000	0.317311	只欠东风	6.214608
1.000000	0.317311	监管部门	6.214608
1.000000	0.317311	飞乐	6.214608
1.000000	0.317311	音响	6.214608
1.000000	0.317311	三毛	6.214608
1.000000	0.317311	克里	6.214608
1.000000	0.317311	外相	6.214608
1.000000	0.317311	岸田文雄称	6.214608
1.000000	0.317311	日本共同社	6.214608
1.000000	0.317311	常委	6.214608
1.000000	0.317311	经济委员会	6.214608
1.000000	0.317311	吴晓灵	6.214608
1.000000	0.317311	年会称	6.214608
1.000000	0.317311	证券法	6.214608
1.000000	0.317311	修法	6.214608
1.000000	0.317311	定向	6.214608
1.000000	0.317311	放开	6.214608
1.000000	0.317311	注册	6.214608
1.000000	0.317311	制	6.214608
1.000000	0.317311	华源	6.214608
1.000000	0.317311	老干妈	6.214608
1.000000	0.317311	辣酱	6.214608
1.000000	0.317311	协会会长	6.214608
1.000000	0.317311	李东荣	6.214608
1.000000	0.317311	产物	6.214608
1.000000	0.317311	抓手	6.214608
1.000000	0.317311	现代	6.214608
1.000000	0.317311	金融体系	6.214608
1.000000	0.317311	大有可为	6.214608
1.000000	0.317311	大力	6.214608
1.000000	0.317311	农村	6.214608
1.000000	0.317311	领导小组	6.214608
1.000000	0.317311	兼	6.214608
1.000000	0.317311	每亩	6.214608
1.000000	0.317311	略强	6.214608
1.000000	0.317311	宝安	6.214608
1.000000	0.317311	越南盾	6.214608
1.000000	0.317311	跌到	6.214608
1.000000	0.317311	多位	6.214608
1.000000	0.317311	稳中求进	6.214608
1.000000	0.317311	以稳	6.214608
1.000000	0.317311	上网	6.214608
1.000000	0.317311	电量	6.214608
1.000000	0.317311	亿千瓦时	6.214608
1.000000	0.317311	小时数	6.214608
1.000000	0.317311	区块	6.214608
1.000000	0.317311	飞天	6.214608
1.000000	0.317311	诚信	6.214608
1.000000	0.317311	高涨	6.214608
1.000000	0.317311	御银	6.214608
1.000000	0.317311	海立	6.214608
1.000000	0.317311	美达	6.214608
1.000000	0.317311	辽宁	6.214608
1.000000	0.317311	发电	6.214608
1.000000	0.317311	环保	6.214608
1.000000	0.317311	电价	6.214608
1.000000	0.317311	价款	6.214608
1.000000	0.317311	辽宁省	6.214608
1.000000	0.317311	物价局	6.214608
1.000000	0.317311	依法	6.214608
1.000000	0.317311	经济制裁	6.214608
1.000000	0.317311	罚款	6.214608
1.000000	0.317311	四川双马	6.214608
1.000000	0.317311	武昌鱼	6.214608
1.000000	0.317311	考评	6.214608
1.000000	0.317311	意味	6.214608
1.000000	0.317311	港三地	6.214608
1.000000	0.317311	智利	6.214608
1.000000	0.317311	安托法加斯塔	6.214608
1.000000	0.317311	预估	6.214608
1.000000	0.317311	过剩	6.214608
1.000000	0.317311	半日	6.214608
1.000000	0.317311	反复	6.214608
1.000000	0.317311	跌多	6.214608
1.000000	0.317311	复盘	6.214608
1.000000	0.317311	玻管	6.214608
1.000000	0.317311	瑞银	6.214608
1.000000	0.317311	高挺	6.214608
1.000000	0.317311	年末	6.214608
1.000000	0.317311	中国财政部	6.214608
1.000000	0.317311	胜	6.214608
1.000000	0.317311	国内外	6.214608
1.000000	0.317311	奔驰	6.214608
1.000000	0.317311	保时捷	6.214608
1.000000	0.317311	奇瑞	6.214608
1.000000	0.317311	吉利	6.214608
1.000000	0.317311	上汽	6.214608
1.000000	0.317311	BMS	6.214608
1.000000	0.317311	汇市	6.214608
1.000000	0.317311	恐惧	6.214608
1.000000	0.317311	毫无根据	6.214608
1.000000	0.317311	当日	6.214608
1.000000	0.317311	圣诞	6.214608
1.000000	0.317311	几个	6.214608
1.000000	0.317311	维度	6.214608
1.000000	0.317311	一至	6.214608
1.000000	0.317311	充分准备	6.214608
1.000000	0.317311	三是	6.214608
1.000000	0.317311	普邦	6.214608
1.000000	0.317311	园林	6.214608
1.000000	0.317311	公示	6.214608
1.000000	0.317311	海格	6.214608
1.000000	0.317311	通信	6.214608
1.000000	0.317311	广东省	6.214608
1.000000	0.317311	批复	6.214608
1.000000	0.317311	吉艾	6.214608
1.000000	0.317311	哈萨克斯坦	6.214608
1.000000	0.317311	炼化	6.214608
1.000000	0.317311	合资	6.214608
1.000000	0.317311	银川	6.214608
1.000000	0.317311	出资	6.214608
1.000000	0.317311	明晟	6.214608
1.000000	0.317311	Dimitris	6.214608
1.000000	0.317311	Melas	6.214608
1.000000	0.317311	称现	6.214608
1.000000	0.317311	首获	6.214608
1.000000	0.317311	高性能	6.214608
1.000000	0.317311	应用领域	6.214608
1.000000	0.317311	最高奖	6.214608
1.000000	0.317311	中国科学院	6.214608
1.000000	0.317311	杨超	6.214608
1.000000	0.317311	盐湖城	6.214608
1.000000	0.317311	领取	6.214608
1.000000	0.317311	戈登	6.214608
1.000000	0.317311	贝尔	6.214608
1.000000	0.317311	奖	6.214608
1.000000	0.317311	获奖	6.214608
1.000000	0.317311	名称	6.214608
1.000000	0.317311	核可	6.214608
